-1.893338428216581e-03
-1.892133701715754e-03
-1.892857443888489e-03
-1.893400472430248e-03
-1.893739854490889e-03
-1.892629742976691e-03
-1.891397740344076e-03
-1.892774807943210e-03
-1.893057825480346e-03
-1.891819778272229e-03
-1.892948885588634e-03
-1.892725932249282e-03
-1.891525572326254e-03
-1.892461427812854e-03
-1.893069396922772e-03
-1.892141311804048e-03
-1.892603909252547e-03
-1.892465762972566e-03
-1.892618923461773e-03
-1.893017459626557e-03
-1.892731030718929e-03
-1.891625546710164e-03
-1.893166912143184e-03
-1.891946499056891e-03
-1.891785445871412e-03
-1.892725159946315e-03
-1.891975195855419e-03
-1.892376598118257e-03
-1.892463445618104e-03
-1.891998102137662e-03
-1.891113914328560e-03
-1.892608351986976e-03
-1.892480620246935e-03
-1.892380908694939e-03
-1.892040607688972e-03
-1.892885430043885e-03
-1.891920643804997e-03
-1.892350412722043e-03
-1.891710301159278e-03
-1.891849668018789e-03
-1.892950793374144e-03
-1.892024335295986e-03
-1.892260856660858e-03
-1.892271554574641e-03
-1.892272114967586e-03
-1.893435284251890e-03
-1.892274325486321e-03
-1.892521485648689e-03
-1.892421923549070e-03
-1.892044916101881e-03
-1.892926958402348e-03
-1.892110370657281e-03
-1.892170334502653e-03
-1.892437706219305e-03
-1.891607562535648e-03
-1.892036434645967e-03
-1.891845546846962e-03
-1.892230257452966e-03
-1.891925273869106e-03
-1.892277957972113e-03
-1.891947615334975e-03
-1.892181667262257e-03
-1.893931345209532e-03
-1.892251942197908e-03
-1.893945954863315e-03
-1.892081470646907e-03
-1.892434838535958e-03
-1.891982708672609e-03
-1.892154542482035e-03
-1.891911004198175e-03
-1.891689122593377e-03
-1.891802931308741e-03
-1.891646100927992e-03
-1.891845820295737e-03
-1.891818804689607e-03
-1.892078401562184e-03
-1.891751069033174e-03
-1.891835514892500e-03
-1.892054033973163e-03
-1.891867589309585e-03
-1.892278074622130e-03
-1.892182930858554e-03
-1.893216334864026e-03
-1.892197697499796e-03
-1.893172241162283e-03
-1.891912580551745e-03
-1.891891621127167e-03
-1.892409540027049e-03
-1.892143241099890e-03
-1.892372638769475e-03
-1.892015625155974e-03
-1.892078563312828e-03
-1.891879258024956e-03
-1.892408812599502e-03
-1.892926135406410e-03
-1.891899798781047e-03
-1.892247399392296e-03
-1.891988023977860e-03
-1.892202361323972e-03
-1.892202130647374e-03
-1.891959237645671e-03
-1.891512956363630e-03
-1.891666320901018e-03
-1.892114895208923e-03
-1.891773813280873e-03
-1.892412300887086e-03
-1.892407897125112e-03
-1.892612104535520e-03
-1.892456429792539e-03
-1.892666178709099e-03
-1.892496209967054e-03
-1.892480315133443e-03
-1.891823043252988e-03
-1.892114076282430e-03
-1.892149794646582e-03
-1.892213465938057e-03
-1.891934864587946e-03
-1.891744069356288e-03
-1.892054443994549e-03
-1.891722812781886e-03
-1.891874159309208e-03
-1.891877105675624e-03
-1.892200778524663e-03
-1.892332057016790e-03
-1.892503569439032e-03
-1.891875282893274e-03
-1.891764184607010e-03
-1.892321240579613e-03
-1.892406403679743e-03
-1.892688624196120e-03
-1.892440392856439e-03
-1.892675542582076e-03
-1.892710615212731e-03
-1.892580410382393e-03
-1.891754087314840e-03
-1.891859374635569e-03
-1.891608146550245e-03
-1.891807606682816e-03
-1.892004989784412e-03
-1.891721407701852e-03
-1.891715737690955e-03
-1.891702221685744e-03
-1.891938831890119e-03
-1.891735955868468e-03
-1.892059640536014e-03
-1.891917434541413e-03
-1.891427620992413e-03
-1.891740002647360e-03
-1.891631098244881e-03
-1.891883601166352e-03
-1.891646365329135e-03
-1.891741680409142e-03
-1.890638323028930e-03
-1.890847905078335e-03
-1.891191621514827e-03
-1.891717425530429e-03
-1.891674076673547e-03
-1.891736192310008e-03
-1.891559751463978e-03
-1.891648520062483e-03
-1.891252461986328e-03
-1.891327598895207e-03
-1.891795314760803e-03
-1.891755923973568e-03
-1.892068076530314e-03
-1.891960263028272e-03
-1.892349127069930e-03
-1.891832243904077e-03
-1.891565804797362e-03
-1.891652635884001e-03
-1.891623339340124e-03
-1.891365067105405e-03
-1.891520573281412e-03
-1.891141673812876e-03
-1.891293368144300e-03
-1.891532274373324e-03
-1.891183668220711e-03
-1.891645630013306e-03
-1.891571611032357e-03
-1.891749116733090e-03
-1.891800403508357e-03
-1.891372647985769e-03
-1.891617712736390e-03
-1.891526819184815e-03
-1.891593924804011e-03
-1.891876735432074e-03
-1.891772933041463e-03
-1.891937204876010e-03
-1.891719713899734e-03
-1.891967310833575e-03
-1.891814375960485e-03
-1.891793317601234e-03
-1.891961016469337e-03
-1.891770250231818e-03
-1.891724875831201e-03
-1.891326715212617e-03
-1.891439700378437e-03
-1.890037001395822e-03
-1.891137978612805e-03
-1.891054927615060e-03
-1.891409166400273e-03
-1.891282189410687e-03
-1.891517224073309e-03
-1.891300406348488e-03
-1.891339326675527e-03
-1.891534954142840e-03
-1.891488330877301e-03
-1.891841866754531e-03
-1.891517934896207e-03
-1.891656124595918e-03
-1.891475775714180e-03
-1.891673621519983e-03
-1.891259977348911e-03
-1.891496529412031e-03
-1.890188975870561e-03
-1.891719716795750e-03
-1.891302430568768e-03
-1.891242855000677e-03
-1.891346226995517e-03
-1.891676904919818e-03
-1.891276945253870e-03
-1.891341213434927e-03
-1.891037447504735e-03
-1.891033299472404e-03
-1.891083800353075e-03
-1.891498267779146e-03
-1.892027303565692e-03
-1.891684477497264e-03
-1.891438716208360e-03
-1.892444167072815e-03
-1.891486266565138e-03
-1.890953880565066e-03
-1.891161270434051e-03
-1.891099616677861e-03
-1.891123266014217e-03
-1.891160907162343e-03
-1.891197202710272e-03
-1.891164139566157e-03
-1.891131008518242e-03
-1.891160224231377e-03
-1.891256287357100e-03
-1.891343788600103e-03
-1.891315396992011e-03
-1.891358072328236e-03
-1.891161504860135e-03
-1.891271793078981e-03
-1.890522429611189e-03
-1.890845059494181e-03
-1.891305384030348e-03
-1.891118545304554e-03
-1.891401035715885e-03
-1.891739685112242e-03
-1.891529311045433e-03
-1.891531642730424e-03
-1.891477466766795e-03
-1.891533485096462e-03
-1.891714507657495e-03
-1.891538981833009e-03
-1.891794150929330e-03
-1.891633796271538e-03
-1.891758584067901e-03
-1.891201947723576e-03
-1.890527309205172e-03
-1.890207061336195e-03
-1.890089360764208e-03
-1.891255993762722e-03
-1.891047553455402e-03
-1.891089915595305e-03
-1.891561119897650e-03
-1.891361291523062e-03
-1.891744507444874e-03
-1.891442489338055e-03
-1.891963917312080e-03
-1.891941429035567e-03
-1.891201737089872e-03
-1.891258496966549e-03
-1.891190261277154e-03
-1.891277080440990e-03
-1.891174559075825e-03
-1.891423848336034e-03
-1.891022797998331e-03
-1.891286758447428e-03
-1.890842524359355e-03
-1.891056453879294e-03
-1.890096845426013e-03
-1.891292109419834e-03
-1.891194545576431e-03
-1.891354113451044e-03
-1.891234938616960e-03
-1.891307484938971e-03
-1.891142121076438e-03
-1.891618156793855e-03
-1.891341016116597e-03
-1.891156898605982e-03
-1.890879064208030e-03
-1.891030695594864e-03
-1.891167426722723e-03
-1.890938884937118e-03
-1.890157629784316e-03
-1.891151166405549e-03
-1.890921818406636e-03
-1.890887312410971e-03
-1.890941271003428e-03
-1.890640089725628e-03
-1.891088310003570e-03
-1.891109917559390e-03
-1.891310825412859e-03
-1.891339467540588e-03
-1.891554230828314e-03
-1.891365406973493e-03
-1.891518776585130e-03
-1.891280962423893e-03
-1.891260993006301e-03
-1.891074998314319e-03
-1.891240602798961e-03
-1.891390324203637e-03
-1.891325872667094e-03
-1.891159613441674e-03
-1.891110131343160e-03
-1.890926666474749e-03
-1.890944695216933e-03
-1.890803238750181e-03
-1.891060843316631e-03
-1.890963342750062e-03
-1.891035628718142e-03
-1.891151618516134e-03
-1.891223076303553e-03
-1.891340764023241e-03
-1.891305914883764e-03
-1.891071671976318e-03
-1.891169373145363e-03
-1.891365674120878e-03
-1.891209902467683e-03
-1.891418655203743e-03
-1.891328845798695e-03
-1.891238936531023e-03
-1.891058526474143e-03
-1.891211258081853e-03
-1.890816392697973e-03
-1.891213359410413e-03
-1.891059526820103e-03
-1.891243632854019e-03
-1.891088936902319e-03
-1.891389681044465e-03
-1.891244592656382e-03
-1.891318395984904e-03
-1.891290844786854e-03
-1.891508047602817e-03
-1.891014200020754e-03
-1.890942504521596e-03
-1.890848104583343e-03
-1.890908227853052e-03
-1.890830520007673e-03
-1.890828852493632e-03
-1.890585780202175e-03
-1.890852382173106e-03
-1.890855906860848e-03
-1.890861268495976e-03
-1.891093310841660e-03
-1.891125392101763e-03
-1.892100215528239e-03
-1.891034489072525e-03
-1.890913755724793e-03
-1.890925519476391e-03
-1.890874002353498e-03
-1.890967796020841e-03
-1.890937350327027e-03
-1.891369380938545e-03
-1.891169694334803e-03
-1.891169391749276e-03
-1.890923532540972e-03
-1.891076992675797e-03
-1.890993431859705e-03
-1.891283826765823e-03
-1.891432344292799e-03
-1.891037820036433e-03
-1.890790792385269e-03
-1.890929581698615e-03
-1.890759655339950e-03
-1.890916948842011e-03
-1.891157605271459e-03
-1.891146554986807e-03
-1.890933374596457e-03
-1.891103629533901e-03
-1.891122651533639e-03
-1.891376163076138e-03
-1.891241126151489e-03
-1.891160892120104e-03
-1.891349303300726e-03
-1.891182182130787e-03
-1.891043746554448e-03
-1.891064821280034e-03
-1.891021742748405e-03
-1.891167670994340e-03
-1.891019884626355e-03
-1.891095385185119e-03
-1.890924916863986e-03
-1.891113144823594e-03
-1.891106994457916e-03
-1.891358460176180e-03
-1.890777062202383e-03
-1.891089046272841e-03
-1.890944565217814e-03
-1.891103898186669e-03
-1.890878390757229e-03
-1.891039085530180e-03
-1.890775970871449e-03
-1.890829017737612e-03
-1.890920396499639e-03
-1.891025693797217e-03
-1.890907106412688e-03
-1.890977985162045e-03
-1.890905196683194e-03
-1.890874662335918e-03
-1.891014993299099e-03
-1.890859969891217e-03
-1.890923683303657e-03
-1.890837540899193e-03
-1.890941774779777e-03
-1.890994988521762e-03
-1.890949604134669e-03
-1.890985196476279e-03
-1.890876829105528e-03
-1.890943346918278e-03
-1.890789244413321e-03
-1.890986043585506e-03
-1.890992166813792e-03
-1.891002627666169e-03
-1.890722496597958e-03
-1.890691939818449e-03
-1.890737844291016e-03
-1.890855894100971e-03
-1.890844196019791e-03
-1.891199428036227e-03
-1.890762424243489e-03
-1.891005164892972e-03
-1.890967119132553e-03
-1.891351261889555e-03
-1.891454780393386e-03
-1.892317352131470e-03
-1.892956326782656e-03
-1.890982318093503e-03
-1.890910408109205e-03
-1.891048696612753e-03
-1.890804870693207e-03
-1.890640222495752e-03
-1.890502952532103e-03
-1.890468161262341e-03
-1.890727163090207e-03
-1.890761722669505e-03
-1.890719680695813e-03
-1.890866788076641e-03
-1.890765847632965e-03
-1.890732035606608e-03
-1.890579311018019e-03
-1.890831302570080e-03
-1.890644897719884e-03
-1.890897075955951e-03
-1.890779019067493e-03
-1.891306848845951e-03
-1.891476189632734e-03
-1.891108159172696e-03
-1.890838588664485e-03
-1.891068654471569e-03
-1.890988892817266e-03
-1.891168112831924e-03
-1.890981387568583e-03
-1.890321736222618e-03
-1.891296965851944e-03
-1.891336772684906e-03
-1.891066089398060e-03
-1.891124501176350e-03
-1.890932200629358e-03
-1.891052564391743e-03
-1.891025895255713e-03
-1.891194543945575e-03
-1.890854005368964e-03
-1.891069040491701e-03
-1.891033660085371e-03
-1.891424687229944e-03
-1.891658726802155e-03
-1.891034413314896e-03
-1.890861981379482e-03
-1.890974483398814e-03
-1.890720879095175e-03
-1.890677626492241e-03
-1.890361683046793e-03
-1.890247803363130e-03
-1.890843034975449e-03
-1.890752424786797e-03
-1.890710036434672e-03
-1.890796076338115e-03
-1.890802460656846e-03
-1.890921981449197e-03
-1.891799078056300e-03
-1.891742947333171e-03
-1.891152682173943e-03
-1.891200169694964e-03
-1.890976839442493e-03
-1.891076689132499e-03
-1.891349932640819e-03
-1.890753924203228e-03
-1.890729146312239e-03
-1.890764568968510e-03
-1.890588378262154e-03
-1.890429835318499e-03
-1.890533318670085e-03
-1.890443562826946e-03
-1.890586136620290e-03
-1.890095495306356e-03
-1.891367360469007e-03
-1.890705784436427e-03
-1.891163376422558e-03
-1.890519036248029e-03
-1.890690050427053e-03
-1.890609144319705e-03
-1.890102348087707e-03
-1.890761052396865e-03
-1.890434156986881e-03
-1.891131725530964e-03
-1.891269435456048e-03
-1.891992549161409e-03
-1.891061913559266e-03
-1.891092739325164e-03
-1.891112288222667e-03
-1.890754695889700e-03
-1.890445762777359e-03
-1.889629094581372e-03
-1.890088829691879e-03
-1.889968756155063e-03
-1.890104052239829e-03
-1.890198933721756e-03
-1.890427017785742e-03
-1.891163095335835e-03
-1.890574895120989e-03
-1.890213500721137e-03
-1.891213966198577e-03
-1.890053361851448e-03
-1.890352983581114e-03
-1.890909676580484e-03
-1.890340463280370e-03
-1.891320048617223e-03
-1.891152549606420e-03
-1.891405987031834e-03
-1.890916787427518e-03
-1.890909601476875e-03
-1.889923266435136e-03
-1.890390455375552e-03
-1.889150783983712e-03
-1.890397491932715e-03
-1.890916025080047e-03
-1.890609375060503e-03
-1.890343133505934e-03
-1.890579315017756e-03
-1.890382614619382e-03
-1.890484727337829e-03
-1.890704150853165e-03
-1.890606525921312e-03
-1.890721294251220e-03
-1.890685797457910e-03
-1.890866743082390e-03
-1.891160918107374e-03
-1.890819020131779e-03
-1.890688353874517e-03
-1.890689528212353e-03
-1.890510806126110e-03
-1.890451996358419e-03
-1.890233341198569e-03
-1.890221487251819e-03
-1.889870021598969e-03
-1.890042663519837e-03
-1.890795454137570e-03
-1.890623194272442e-03
-1.890610943837802e-03
-1.890824228669811e-03
-1.890856048670241e-03
-1.891066077140130e-03
-1.891034620559893e-03
-1.891103836179691e-03
-1.891044429834606e-03
-1.890335623669871e-03
-1.891047298107628e-03
-1.891600822948651e-03
-1.890922822878617e-03
-1.890923888473996e-03
-1.890929211708852e-03
-1.890817638915486e-03
-1.889982023262032e-03
-1.889362963389570e-03
-1.891519484486071e-03
-1.892497942848946e-03
-1.891833237668323e-03
-1.891390780831558e-03
-1.891344068294169e-03
-1.891108231391613e-03
-1.891101758306132e-03
-1.890862552668085e-03
-1.890631736124756e-03
-1.890442592006166e-03
-1.890585162029661e-03
-1.890629915875849e-03
-1.890769547494012e-03
-1.890839304424734e-03
-1.891114165329391e-03
-1.890987547992513e-03
-1.891002259674653e-03
-1.890869928666750e-03
-1.891043902896010e-03
-1.890855725931978e-03
-1.890776135790470e-03
-1.890544677589693e-03
-1.890495010606254e-03
-1.890698293201851e-03
-1.890741977443076e-03
-1.890657901541867e-03
-1.890702302533261e-03
-1.890594616541730e-03
-1.890702089904699e-03
-1.890858441269787e-03
-1.891111595587202e-03
-1.890756420229824e-03
-1.890854906095727e-03
-1.890915118839984e-03
-1.891376418086735e-03
-1.891745511637235e-03
-1.891048635839342e-03
-1.890835849237636e-03
-1.890997384938773e-03
-1.890729551651409e-03
-1.890630188943404e-03
-1.890467832040766e-03
-1.890078644530686e-03
-1.891128786414203e-03
-1.891305947633217e-03
-1.890954451018888e-03
-1.891022278629469e-03
-1.890843878601935e-03
-1.891022904981050e-03
-1.891185921697174e-03
-1.891285951580626e-03
-1.891111787188078e-03
-1.891200641367094e-03
-1.891082583692391e-03
-1.891404420197980e-03
-1.891269754818180e-03
-1.890931573675156e-03
-1.890829405099234e-03
-1.890996108125194e-03
-1.890843604838918e-03
-1.890918406580238e-03
-1.890883811470798e-03
-1.890935775801514e-03
-1.890873790499683e-03
-1.891101734064743e-03
-1.890948186156544e-03
-1.891011171224008e-03
-1.890793523788049e-03
-1.890814820923995e-03
-1.890778366536451e-03
-1.891018240846772e-03
-1.890868150420269e-03
-1.890933805418714e-03
-1.890880547629382e-03
-1.890998586106570e-03
-1.891440935588277e-03
-1.890902343341604e-03
-1.890905026835223e-03
-1.891013945579874e-03
-1.890877217344443e-03
-1.890903389543086e-03
-1.890883159366874e-03
-1.891070046359326e-03
-1.891313254042769e-03
-1.891198440655843e-03
-1.891054229048861e-03
-1.891014236469389e-03
-1.890928683134282e-03
-1.890934134484488e-03
-1.890799648865309e-03
-1.890544251395962e-03
-1.890776101112523e-03
-1.890918424368468e-03
-1.890985900172305e-03
-1.891337045211709e-03
-1.891637562862426e-03
-1.891021843233209e-03
-1.890907462458216e-03
-1.890969356045962e-03
-1.890926718929411e-03
-1.891036413765338e-03
-1.890939073049703e-03
-1.891184193356059e-03
-1.891015452650919e-03
-1.891233172362885e-03
-1.890928847643261e-03
-1.891041763701487e-03
-1.890839075604719e-03
-1.891097173272693e-03
-1.891149024311188e-03
-1.890475236580413e-03
-1.890765826065941e-03
-1.891079035099881e-03
-1.891148279229024e-03
-1.891523971423974e-03
-1.891662397735420e-03
-1.891175309450664e-03
-1.890908112519707e-03
-1.891048133250834e-03
-1.890927538091439e-03
-1.891135383589234e-03
-1.890893071236247e-03
-1.890872683428755e-03
-1.890818066418737e-03
-1.890941522172448e-03
-1.890906013937560e-03
-1.890966902128078e-03
-1.890889540255010e-03
-1.891048300207328e-03
-1.891471047427436e-03
-1.891519613112269e-03
-1.891283510947793e-03
-1.891349782022915e-03
-1.891158656553379e-03
-1.891121716235184e-03
-1.890964250678629e-03
-1.891148747348805e-03
-1.890942650874208e-03
-1.891099739418413e-03
-1.890994894612591e-03
-1.891216455323532e-03
-1.891201086257407e-03
-1.891408661167310e-03
-1.891086883351534e-03
-1.891118065201170e-03
-1.890975231581981e-03
-1.890974564411619e-03
-1.890848258783378e-03
-1.890899157332162e-03
-1.891007978685561e-03
-1.890920971267744e-03
-1.890929988254305e-03
-1.891077745016931e-03
-1.891140824230509e-03
-1.891213213162805e-03
-1.890677710037330e-03
-1.890909422768881e-03
-1.890928330586723e-03
-1.891008307750978e-03
-1.890947255890115e-03
-1.891111766654362e-03
-1.891076647411337e-03
-1.891563249934499e-03
-1.891191355900215e-03
-1.891265054512933e-03
-1.891180155218183e-03
-1.891387112571597e-03
-1.891281768040260e-03
-1.891307220038017e-03
-1.891033272987824e-03
-1.891441782494858e-03
-1.891156285843762e-03
-1.891813360762443e-03
-1.892100044425695e-03
-1.891330207793744e-03
-1.891211307170441e-03
-1.891393019106952e-03
-1.891218908308634e-03
-1.891364852428030e-03
-1.891256919040525e-03
-1.891643874188108e-03
-1.891517988835677e-03
-1.891357986849518e-03
-1.891010051671079e-03
-1.891054663014312e-03
-1.891069802343580e-03
-1.890876986431614e-03
-1.890361323489863e-03
-1.889841530814502e-03
-1.890774406177282e-03
-1.891013835710270e-03
-1.891408501283907e-03
-1.891891336700608e-03
-1.891427371902885e-03
-1.891139846748114e-03
-1.891277432769340e-03
-1.891281345085549e-03
-1.891483400628811e-03
-1.891314895577551e-03
-1.890990714369081e-03
-1.891152254847969e-03
-1.891236870387922e-03
-1.891256914228032e-03
-1.891202388306750e-03
-1.891120469545764e-03
-1.891114963671344e-03
-1.890960918258347e-03
-1.891385866704139e-03
-1.891099651446829e-03
-1.891107225276873e-03
-1.890654250886351e-03
-1.891317376850675e-03
-1.891082929487928e-03
-1.891140647223315e-03
-1.891086350238657e-03
-1.891092492472321e-03
-1.891278557884327e-03
-1.891220957947296e-03
-1.891896836245183e-03
-1.891491141237925e-03
-1.891504836926579e-03
-1.891409337320843e-03
-1.891475135208223e-03
-1.891282270294305e-03
-1.891205634846063e-03
-1.890386906602792e-03
-1.891173531847728e-03
-1.890791633311046e-03
-1.891437052963082e-03
-1.890719732091601e-03
-1.891240991926414e-03
-1.891099585682662e-03
-1.891303295186011e-03
-1.891121918692031e-03
-1.891324148798635e-03
-1.891190933898799e-03
-1.891326530677483e-03
-1.891442778927285e-03
-1.891386066558239e-03
-1.891466911549472e-03
-1.891341304717871e-03
-1.891434910237192e-03
-1.891111380088005e-03
-1.890915870134633e-03
-1.890436487445072e-03
-1.890519436190319e-03
-1.891807808008947e-03
-1.891482915392516e-03
-1.891466070476841e-03
-1.891905829551927e-03
-1.891582801065498e-03
-1.891754751385364e-03
-1.891629556479933e-03
-1.891962733718068e-03
-1.892476117431608e-03
-1.892322812129634e-03
-1.892536995578388e-03
-1.892093023321823e-03
-1.891822783418478e-03
-1.891575155965649e-03
-1.891503164185795e-03
-1.890575825949608e-03
-1.891481888096317e-03
-1.892495422849792e-03
-1.892131925508403e-03
-1.891855478817500e-03
-1.892214532063188e-03
-1.891823380683128e-03
-1.891914203798529e-03
-1.891570219217927e-03
-1.891473245592075e-03
-1.891311412758587e-03
-1.891299581981164e-03
-1.891266119616587e-03
-1.891340584668492e-03
-1.891516300518218e-03
-1.891254515389281e-03
-1.891205543528783e-03
-1.892437648103561e-03
-1.890274325059960e-03
-1.891428968617046e-03
-1.891515376247704e-03
-1.891624615779752e-03
-1.892052561857904e-03
-1.892039401657681e-03
-1.892394247041934e-03
-1.892128599289429e-03
-1.892219243750131e-03
-1.892722797287144e-03
-1.892314490608644e-03
-1.892529159158844e-03
-1.891962406147805e-03
-1.891793517672762e-03
-1.891436230230417e-03
-1.891472706869085e-03
-1.890748154963034e-03
-1.890547087375975e-03
-1.891530718276280e-03
-1.891994460340508e-03
-1.891860259400615e-03
-1.892342206278636e-03
-1.891835556592345e-03
-1.891924597594492e-03
-1.891550952872264e-03
-1.891662621238184e-03
-1.891954469798420e-03
-1.891762507035482e-03
-1.891837651848155e-03
-1.891726551160027e-03
-1.891749176901137e-03
-1.891625815604535e-03
-1.891488798619058e-03
-1.890571208588133e-03
-1.891419636594560e-03
-1.891487852266479e-03
-1.891841527381657e-03
-1.891733986104008e-03
-1.891891527411385e-03
-1.891670342321605e-03
-1.891929349361435e-03
-1.892280139131003e-03
-1.891859986649872e-03
-1.892312539740878e-03
-1.892007510653560e-03
-1.892190093286759e-03
-1.892204317880637e-03
-1.892481354448454e-03
-1.892861485310672e-03
-1.892360815945704e-03
-1.892064767578452e-03
-1.892116122292560e-03
-1.891793344463448e-03
-1.891982043172589e-03
-1.891476473215483e-03
-1.891610823972613e-03
-1.891714774979651e-03
-1.891433043557134e-03
-1.891756901985829e-03
-1.891609179474100e-03
-1.891733308134088e-03
-1.891675174475412e-03
-1.891735731253997e-03
-1.890648131608807e-03
-1.892030198446011e-03
-1.891810469871623e-03
-1.892102032640281e-03
-1.891946299559951e-03
-1.892239545207186e-03
-1.891811532760728e-03
-1.892054986111699e-03
-1.892386171393538e-03
-1.891959481132863e-03
-1.892187329136141e-03
-1.891916560666212e-03
-1.891957558764931e-03
-1.891715491776025e-03
-1.891881646626163e-03
-1.890696193560743e-03
-1.891666873771135e-03
-1.891610080611255e-03
-1.892015904550393e-03
-1.891775962741612e-03
-1.892006689117344e-03
-1.891644079597786e-03
-1.891675502459486e-03
-1.892119255937668e-03
-1.891939376073814e-03
-1.892437944783727e-03
-1.892225240440257e-03
-1.892495343425638e-03
-1.891790730306104e-03
-1.892157429958128e-03
-1.891939598233949e-03
-1.891732286360356e-03
-1.891427241553821e-03
-1.891452242675432e-03
-1.892039746109157e-03
-1.891567791637745e-03
-1.892184791289240e-03
-1.891790642481265e-03
-1.892627161407037e-03
-1.892512155046309e-03
-1.893013973994267e-03
-1.891692793213307e-03
-1.891712536264177e-03
-1.891982048878337e-03
-1.891781937626900e-03
-1.892128487339519e-03
-1.891812535127386e-03
-1.892258877601723e-03
-1.891451991047403e-03
-1.892260154623058e-03
-1.892042814124934e-03
-1.892240202335879e-03
-1.892321847559842e-03
-1.892083352723289e-03
-1.891664592015191e-03
-1.891582223335295e-03
-1.892289807857809e-03
-1.892335805396207e-03
-1.892640340926200e-03
-1.892015195307458e-03
-1.892282844389421e-03
-1.891712583320479e-03
-1.892207205820656e-03
-1.891655011091733e-03
-1.891784181954508e-03
-1.892077021545872e-03
-1.891856310056382e-03
-1.891932215415590e-03
-1.891893911018095e-03
-1.891867064842832e-03
-1.891423943803683e-03
-1.892099731116113e-03
-1.891601494557937e-03
-1.891855990299706e-03
-1.892249425200782e-03
-1.891955008060698e-03
-1.892459459527819e-03
-1.892026846825877e-03
-1.892299514339531e-03
-1.891988784793475e-03
-1.892318449860583e-03
-1.891880487392444e-03
-1.891965356268727e-03
-1.891858174641916e-03
-1.891932665477435e-03
-1.892250630786607e-03
-1.892069907428324e-03
-1.892373743552293e-03
-1.892009035534616e-03
-1.892106431390274e-03
-1.891815469562870e-03
-1.891855927445657e-03
-1.892425772572542e-03
-1.892203051054965e-03
-1.892566759565262e-03
-1.892237271858378e-03
-1.892572308299756e-03
-1.891891782406338e-03
-1.891764751409572e-03
-1.891951852867233e-03
-1.891830984753557e-03
-1.892224719552999e-03
-1.891874958152357e-03
-1.892587575252733e-03
-1.891295290916751e-03
-1.892151396457065e-03
-1.891821981151279e-03
-1.891735252603312e-03
-1.892323190175423e-03
-1.892004035300335e-03
-1.892348689842484e-03
-1.892028822888572e-03
-1.892385191933865e-03
-1.892074047793001e-03
-1.891833821595520e-03
-1.892330503595006e-03
-1.892002725670048e-03
-1.892831345212977e-03
-1.891993105589602e-03
-1.892350987008876e-03
-1.892527709182230e-03
-1.892264518625639e-03
-1.893022690551008e-03
-1.891941777746802e-03
-1.892314751853303e-03
-1.892363865346367e-03
-1.891995984882966e-03
-1.892992721558496e-03
-1.891991100138475e-03
-1.892261245086732e-03
-1.892249885623424e-03
-1.891974237139644e-03
-1.892965555936411e-03
-1.891860245845394e-03
-1.892184061190006e-03
-1.892100505108603e-03
-1.891720719183683e-03
-1.892754302877327e-03
-1.892064270224909e-03
-1.892333485479862e-03
-1.892307897781591e-03
-1.891989594551270e-03
-1.892843825576321e-03
-1.892043433694698e-03
-1.892524010685158e-03
-1.892853009324620e-03
-1.891786731188709e-03
-1.892819255271669e-03
-1.892971295725182e-03
-1.891868889866488e-03
-1.892315327919963e-03
-1.892457797135970e-03
-1.891346981725299e-03
-1.892661859026049e-03
-1.892487723003216e-03
-1.891141611900955e-03
-1.892265588303015e-03
-1.892103975187850e-03
-1.891975778122119e-03
-1.892919989196457e-03
-1.892776080263615e-03
-1.891693531554850e-03
-1.892828888866769e-03
-1.893570203160360e-03
-1.893336359524136e-03
-1.892599655244940e-03
-1.892397640483283e-03
-1.892833482384657e-03
-1.893067784533416e-03
-6.410412902477459e-07
-1.262901587300513e-06
-8.462350141520557e-07
-8.242941431352544e-07
-3.726407790542419e-07
-1.239624360671198e-06
4.501532037615047e-07
-2.568201972317425e-07
-2.700636322620651e-07
6.870000969382213e-07
-2.699421928517915e-07
-3.357332170821048e-07
4.283254938749146e-07
-4.859082366090296e-07
-1.508006741751345e-07
6.779154164429094e-07
-4.557366120493031e-07
-6.383508297204694e-07
9.693917324038741e-07
-3.236454379511995e-07
-3.873981391199978e-07
4.468418448877684e-07
2.096053211325007e-09
-6.857708948348318e-07
1.521914565860483e-07
-6.781791627729064e-07
2.728830782864111e-07
-1.158150048645404e-07
-2.697265590335208e-07
1.921751343965982e-07
-1.617771648717356e-06
5.540245475266096e-07
-9.705696918364192e-08
-2.280422735844177e-07
1.957977214562321e-07
-8.399359929123634e-07
1.864007431403168e-07
1.121090868285040e-09
-3.682893030912106e-07
1.112574860631574e-07
-7.955043520999937e-07
2.005466991958283e-07
-2.669042514664109e-07
-2.194802600599551e-07
3.097630422742146e-07
-4.058864248860295e-07
1.835086428293300e-07
-3.320070070583635e-07
-1.497469978188750e-07
2.267341574157365e-07
-5.895759212846771e-07
2.831604958979937e-07
-4.169554492705371e-07
-1.745809226346328e-07
-5.756467050077938e-08
-5.073515759141358e-07
9.622095244778505e-09
-4.367847797442831e-07
-5.353116704455069e-08
-4.194862489622048e-07
2.339414049358739e-07
1.450458693695825e-07
6.290853436579781e-08
2.139781484513014e-07
8.584756713590339e-08
-1.416864291043901e-07
-4.508405311331790e-07
-1.518789603008530e-08
-3.701400388265665e-07
-1.436726267304279e-07
1.987818728090952e-07
-6.450820428596940e-07
-1.633401385451560e-07
-5.248053283485047e-07
-4.513320393287301e-08
-5.094086385734560e-07
2.415816399354106e-07
-1.868282861688102e-07
-4.022191083090517e-07
-5.089654016694693e-08
-5.210799236719554e-07
-5.314070575526249e-08
-1.799563099060861e-07
1.549871475685601e-07
-1.634775763658400e-07
-1.806198899336216e-09
1.919476380157291e-07
-3.730049846455775e-07
5.617826723489233e-08
-3.445789278142142e-07
1.061125730034944e-07
-4.976103938613588e-07
1.495061547180003e-07
-1.065400454057132e-07
2.509156439569625e-07
1.236286365093651e-07
-2.922949623426356e-07
1.266678474264598e-07
-3.302830197089702e-07
3.346826417448073e-07
-3.038577512844128e-07
1.821204097273063e-08
-2.889286542488050e-07
2.752695266935416e-07
1.561079619061132e-07
-2.573018933113885e-07
2.224456699061966e-07
-3.630398799012942e-07
2.117979090012439e-07
-2.775056320894036e-07
2.596274154182208e-07
-1.954839280005353e-07
3.277408618458933e-08
-2.098862591277755e-08
3.437012438607801e-07
3.888149384654909e-07
-3.290980665674388e-07
1.584888540657705e-07
-4.571018113824631e-07
1.057544052337908e-07
-6.227025109441758e-07
1.542192411074028e-07
-2.324442792195649e-07
3.551878539855032e-07
4.537254573538636e-07
-1.146066676001695e-07
7.739350854506635e-08
-2.384989116399039e-07
2.481250890150616e-07
-2.562281668556659e-07
2.145368513262680e-07
-3.846249763113993e-07
3.520580422691930e-07
-1.969287275659158e-07
1.551418198192128e-07
2.224387854004288e-07
-3.259964412697277e-07
1.540555511301671e-07
-2.065181754802143e-07
9.651274705385913e-08
-4.172922630603514e-07
7.409706317145081e-08
-3.629254019003958e-07
8.394819647878167e-08
-3.095107865312605e-08
-1.566749559138720e-07
4.646820855723406e-08
-1.631044396563428e-07
9.341447556240949e-08
-1.191569666171409e-07
6.520586910099606e-08
-1.345567889128368e-07
-2.650779659030932e-07
-4.960745528036710e-07
-1.618213772020928e-07
-9.527584880623041e-08
-8.484414198107722e-08
-1.601930415476306e-07
1.447374431430206e-07
-1.293299666510020e-08
-1.950732850172867e-07
1.707613645968699e-07
-1.335312428200140e-07
1.766938278319251e-07
-7.409661148779579e-08
7.279261839337821e-08
5.845820897658802e-08
-9.104739078317420e-08
-2.885378383417993e-07
-1.940836118646207e-07
-1.769966274584498e-07
-4.681389977188720e-09
-1.760404072820443e-07
2.055560474070816e-07
-1.169293798400378e-07
4.248594042118551e-09
1.872421227048053e-07
-1.590470583468170e-07
5.249140376784927e-08
-1.495655509795804e-07
-1.498377457595201e-07
-2.438958634819631e-07
-1.259231673466857e-07
-2.585271348224048e-07
-2.415848585288780e-08
-1.004294529605017e-07
1.839535026918899e-07
-1.057538393925217e-07
2.945729293979957e-07
5.113075212160010e-08
-3.831571858353273e-09
1.898564904567029e-07
-1.094307788688751e-07
-7.028239733883562e-08
-1.252257332144129e-07
-1.000349640519598e-07
-2.122338553869749e-07
-5.238964965846276e-07
-2.898997894520645e-07
-8.450090041416674e-08
-2.302265593433872e-07
2.317790338611279e-08
-2.032484316321826e-07
2.298026762931180e-08
-1.649283845639623e-07
-8.550299435403253e-08
1.832931416975924e-07
-3.840457598075093e-08
1.678588967597872e-07
-1.099948757776979e-07
1.623578202633103e-07
-2.685414463388434e-07
8.661310159803724e-08
-1.085751593828774e-07
-2.257414532517220e-07
6.241386963252539e-08
1.755569808172109e-07
-1.646687078417000e-07
1.499936505673365e-07
1.829060687841972e-07
1.320522278335309e-07
1.939078024729769e-07
2.706993861014438e-08
5.753508506498721e-08
-3.092854555421698e-07
2.098767585395422e-07
-1.668213318536025e-07
1.756611787481065e-07
-5.749760743481162e-07
5.802819439805255e-07
-2.994884217599939e-07
-3.449331699404386e-09
-1.909829983002958e-07
7.558845562780290e-08
-2.798039289619786e-07
1.173323327406703e-07
-6.922690506970901e-08
1.281073448997025e-07
1.394813676279650e-07
1.652089094299195e-07
1.612133444329174e-07
2.039871803029855e-08
1.712195026870012e-07
-1.859332935357176e-07
7.141152418822304e-08
-2.508894077835725e-07
-3.310718355039424e-07
-5.865903183524767e-07
4.029047955965444e-07
-6.472895823001287e-07
1.175427996094884e-07
-2.921451235269296e-07
1.703256849765489e-07
-1.261889713767567e-07
1.593187458253572e-07
1.844188926524730e-07
3.216133446452948e-07
1.793476517185947e-07
1.603920183502451e-07
2.585046103694811e-07
3.185213069659191e-08
1.055559861553556e-07
-4.294171834510997e-07
-2.068126306868302e-07
-6.895936761120818e-07
2.398500860556504e-07
-3.027973684221701e-07
4.854196818031219e-08
-1.293320201345878e-07
1.477265396267210e-07
-8.044618906582688e-08
1.703643259090836e-07
1.544228563831227e-07
1.868653966925706e-07
1.527942201890945e-07
-1.317749053648112e-07
1.010779441934656e-07
-2.209431466399155e-07
1.739895860334448e-07
-2.040283409616924e-07
4.918601825214493e-08
-1.985474109347189e-07
-3.489275404786935e-08
-2.975061317413481e-07
-4.042450779376047e-07
-2.210928523209126e-07
7.734810647853039e-09
-1.564109497972905e-07
-1.239853427460246e-08
-1.274915212691185e-07
-2.058685951862059e-07
1.009072846802660e-07
2.428157688571103e-08
-2.855078951193450e-08
-7.990997054978259e-09
4.693321530115120e-08
4.029092443819525e-07
1.660219024226807e-07
-3.821123684329118e-07
5.361412423511763e-07
4.472789253595120e-08
2.104476897604391e-07
-4.998837694973566e-08
-3.137226018565802e-08
-3.848838481856613e-08
5.299156797347392e-08
-1.457936200193919e-09
4.545191830046519e-08
1.055280070667551e-07
-1.467802467763910e-07
9.922337686266699e-08
-1.615493421738626e-07
-8.100788905374375e-08
-6.902394102286990e-08
-5.505206004991403e-08
1.752833210504819e-07
2.747560816403021e-08
2.237218540474785e-07
7.118899261520996e-09
3.019893278177878e-07
4.803484326547030e-08
3.041576944793395e-07
2.703264600242215e-07
1.704789866100155e-07
3.070263537140012e-07
7.493471494687758e-08
1.677248586343626e-07
7.030049369497840e-08
-5.240180385749340e-08
-1.735891610689482e-07
-1.766763789998113e-07
-8.531178569746288e-08
-8.048544733652141e-08
-1.318124742928133e-07
8.096287406190867e-08
-2.885285154386800e-07
1.579702834032600e-07
-2.422762667460413e-07
-2.008406544159701e-08
-2.169491645862121e-07
9.696368582080284e-08
-2.618177192136938e-07
1.232148878414591e-07
-1.460445957115774e-07
1.471203948020320e-07
-1.181195200393455e-07
2.281040230601154e-07
3.079729451802103e-08
-1.635699496636803e-07
1.299885613784141e-07
2.495266979097728e-08
1.396929112805556e-07
1.522282335477922e-08
1.463610059660271e-07
-9.492707459780499e-09
1.737545111515854e-07
7.068364455760898e-09
1.676459455523875e-07
5.160958963665679e-08
2.464667955243619e-07
4.367015707579825e-07
1.678510091059473e-07
5.503056469749912e-10
1.425508626532671e-07
3.476870918504576e-08
1.324311775770059e-07
9.338926929112213e-08
2.674907678530013e-07
1.789687725989055e-07
6.943952205342867e-08
4.109527541763095e-08
-6.506973674569294e-08
9.928859912871973e-08
-6.520744106062740e-08
3.741282251714186e-07
-1.859674402373132e-07
5.320303090394264e-08
-1.353941599801020e-07
-8.986768783606593e-09
-9.904701716231039e-08
1.344567026519910e-07
7.278903961985152e-08
3.047891235287777e-08
3.746829019083736e-08
1.253462337323070e-07
2.186538463826366e-07
2.122851934939128e-07
1.128456481439672e-07
2.269944396173034e-07
1.519312279999596e-07
1.200629400192705e-07
2.156660668381453e-08
8.193324611767124e-08
3.843019383602816e-08
1.061416122116023e-07
-2.957405976950047e-08
4.324604197859146e-08
-1.073297122322202e-07
1.270923883796706e-07
-1.027277537277526e-07
-8.841792423188970e-08
-1.865438675552136e-07
6.442616786394565e-08
-5.227122324829030e-08
5.347012487973639e-08
4.907219582908421e-08
3.479804365370066e-08
5.784119272965423e-08
1.108610404995665e-07
1.792830320499271e-07
5.757185336071984e-08
1.829072248948302e-07
4.792600552788885e-08
1.771317201257584e-07
-3.354126021297538e-08
1.645784340143732e-07
2.968661931349405e-08
1.733834209950824e-07
7.310210576893188e-08
2.280117822127882e-07
7.069361891812206e-08
2.170968552920495e-07
3.559663019933109e-08
1.659748137818767e-07
7.657065457705712e-09
1.367579895724322e-07
1.761333333178627e-07
1.052588081468683e-07
1.042316447828385e-07
-1.087708387498488e-08
1.059479007191119e-07
-6.112990594937215e-09
1.688248038696649e-07
9.033520288612123e-08
6.174201071547153e-08
2.172330212620131e-08
1.569912024038420e-07
5.552716235916864e-08
2.482866658910390e-07
2.896758293863771e-07
7.110270214391132e-07
-2.349991676142126e-07
7.361732638015137e-08
-1.227934543260750e-07
1.116318817752209e-07
-2.200330791274121e-07
2.910850061010469e-08
-4.490716046605968e-07
6.285429550035104e-08
-1.882164512147915e-07
8.313863465827577e-08
-2.576434820575360e-07
7.090737470524231e-08
-2.788789883934160e-07
-1.813981247415068e-08
-2.798044918093660e-07
4.015110867672949e-08
-2.666336900389359e-07
7.150830919534606e-08
-1.509053689423537e-07
2.641551229793955e-07
-2.490443388322504e-07
4.314512697735255e-08
-2.803803642602139e-07
1.330244275341725e-07
-1.600997434321779e-07
1.819254550135325e-07
-6.245965093200745e-07
2.936965084989107e-07
-1.376985697532121e-07
1.614805824760032e-07
-2.378143577554571e-07
1.274134415442561e-07
-2.280647906017404e-07
1.905600898016577e-07
-1.479632617423243e-07
7.329647611101608e-08
-2.499605283549436e-07
1.416887400923981e-07
-1.095511751285458e-07
3.496821315101974e-07
-2.335646268425186e-07
1.232877788871914e-07
-2.000893585500825e-07
8.053667840977034e-08
-2.706121587112116e-07
-1.553336715677265e-08
-4.527634951776890e-07
1.633081964793804e-07
-2.187442692112947e-07
7.114477642306696e-08
-1.926229875275886e-07
8.931021511534170e-08
-1.451327861958771e-07
3.669762641630242e-07
2.147813398071122e-07
1.919361957920974e-07
1.132779925525966e-08
1.574018807474708e-07
-4.853615997262512e-08
2.700919887381967e-07
-1.436965596254755e-07
8.071090986166592e-08
-4.174435142664308e-08
7.562636982114429e-08
-7.154217611115989e-08
4.940423316149838e-08
-7.637872311435337e-08
-6.467467881952863e-08
-3.636935196323038e-07
3.364223279968249e-07
1.985543173288572e-08
3.377529889626726e-07
1.029531601573133e-07
1.557436113337830e-07
2.245232955410960e-07
6.512152992978924e-08
3.036755713058767e-07
1.515223187836085e-07
4.070610352513786e-07
3.784449106182111e-07
6.584988348315427e-07
3.847496567954402e-07
4.459904676694259e-07
5.342407361220273e-07
3.862991984882226e-07
3.137241254974347e-07
-9.871981658964410e-08
2.546302265659367e-07
1.200282436229624e-07
2.128910822116712e-07
2.207317215569601e-07
3.302733095688228e-07
6.934375053286056e-07
4.144950928864069e-07
1.668989238652843e-07
7.698431709062468e-07
1.374720328887123e-07
2.927072798863699e-07
5.786690357930791e-07
1.730909487173740e-07
6.052386725223828e-07
6.972926064129756e-07
7.174593801428765e-07
6.296041893030292e-07
5.661216259936567e-07
1.706890886639803e-07
4.309039336661987e-07
-2.135660958232462e-07
4.136486986145622e-07
5.930713051673109e-07
4.185062670981630e-07
3.385295921029725e-07
4.621278964085796e-07
3.036044893986091e-07
4.165661689916586e-07
4.058199981505711e-07
3.995630903947505e-07
3.971098921633872e-07
3.988218195410717e-07
4.757603404383452e-07
5.450746119787941e-07
4.674171143483766e-07
3.573777423803982e-07
4.104793619442630e-07
3.594450667890090e-07
2.894180329944466e-07
2.447367650255158e-07
2.567221210773052e-07
3.413147101545223e-08
6.465815336700522e-08
4.669426055542310e-07
3.401956761846988e-07
3.283123271799561e-07
3.987941920053212e-07
4.050728557413324e-07
3.604202876507825e-07
2.824691919962569e-07
4.285041432557368e-07
4.091560288834494e-07
-1.100482734980734e-08
4.661102358623735e-07
4.529833614395964e-07
2.754510706646541e-07
2.718329606139466e-07
2.744187384922657e-07
2.269665114515180e-07
-2.177895495291357e-07
-5.674051422145393e-07
4.629810794410783e-07
8.202710186317208e-07
3.587996032992442e-07
2.758779486590560e-07
1.837840306794418e-07
1.786457034622299e-07
5.486331295913372e-08
1.322630645029962e-07
-1.416068416243427e-07
-7.226439572529308e-09
-1.184721936353592e-07
7.541535722615093e-08
-1.247676893391261e-07
9.256839913801255e-08
-3.159202777793614e-08
6.836215691955110e-08
-1.327277826516199e-07
7.799137989394921e-08
-1.230797581028181e-07
1.226672841900384e-07
-1.760698991494697e-07
2.734499690394645e-08
-3.343691472016187e-07
8.408945570695791e-08
-2.091105022125000e-07
7.279698788637389e-08
-3.218977007522020e-07
1.232521379350297e-08
-3.181723530662842e-07
1.592152227316902e-07
-1.389752296216472e-07
7.631022965128785e-08
-3.265813985506827e-07
9.702888416819957e-08
-1.529810068821284e-07
3.889651910987396e-07
-3.102527659633936e-07
5.956240787988026e-08
-2.641785818542587e-07
7.591066537335141e-08
-3.202983200664341e-07
2.918392807477391e-08
-6.496359144605137e-07
3.497154843339195e-07
-5.001075867229326e-08
1.589690694855274e-07
-2.752796348729778e-07
8.136216833159843e-08
-2.183573940552679e-07
1.932664052785057e-07
-1.568221345818035e-07
1.482397930605296e-07
-2.156915106573824e-07
1.398683174617415e-07
-8.560669658905640e-08
2.605629566010060e-07
-3.200978603930489e-07
8.974317951986279e-08
-2.207925386615820e-07
9.924041799187793e-08
-1.911206864252478e-07
1.535621572689077e-07
-1.760652779176503e-07
8.089796509289547e-08
-7.241585340820568e-08
1.546919704148809e-07
-1.058760215846783e-07
8.034722291329338e-08
-1.802727376494477e-07
9.133829314053108e-08
-3.906016215351547e-08
1.061264569080074e-07
-8.954053963878480e-08
1.083443160253884e-07
-5.577667033986597e-08
3.117968443025354e-07
-5.273853762682124e-08
1.330544451606771e-07
3.569817631797587e-08
1.308429400021083e-07
5.528962651800089e-08
8.962057071402485e-08
1.104669386687744e-07
1.173850437485048e-07
1.483192957070845e-07
5.093278847255504e-08
1.419516064272738e-07
3.173240462491708e-08
2.006413881120248e-07
9.097804805192273e-08
5.512516118172923e-08
3.036323149329318e-08
2.204056800609009e-07
3.991822797478714e-08
3.366192487439988e-07
2.594612712847763e-07
2.040063115769516e-07
2.358217928628825e-08
1.607326963675816e-07
4.514336421640672e-08
1.657686041877124e-07
9.610767569053195e-08
1.601572166286823e-07
4.980296670954954e-08
9.210328876278214e-08
7.153348120596691e-08
-6.492440637415774e-08
5.091740164496039e-08
-1.382833394430349e-07
2.114000957277342e-07
-4.108993675879857e-07
3.908753007905516e-08
-7.619892734363767e-08
1.293651829062879e-07
9.676391010450221e-08
2.696405210987804e-07
-1.066996705194915e-09
9.432013922576900e-09
1.832296984696402e-08
8.232894819593200e-08
1.665131989746784e-07
1.279665041551687e-07
6.194603566415194e-08
2.587107822290939e-08
6.139696885818590e-08
8.597325117248930e-08
3.300967964771662e-09
3.676564688111675e-08
-2.484490554596492e-08
2.077704006333848e-07
8.130468504339111e-08
1.400896577961361e-07
-3.102712275649418e-08
1.318557814613395e-07
-2.155382418194987e-07
3.714195678191223e-08
-1.664954795750177e-07
5.167841856396709e-08
-8.023013882042631e-08
7.118868468729138e-08
6.626728200458270e-08
1.620179929600043e-07
2.292214989572133e-07
7.982732438088798e-08
1.471013283111628e-07
4.944678814638158e-08
1.710990296802249e-07
2.442881349006997e-08
2.162926680147033e-07
6.116346820747889e-08
2.277392036812991e-07
5.265274228729346e-08
3.011517167332462e-07
1.583554688159123e-07
2.985608850734143e-07
-1.260103554963498e-07
1.743267533521419e-07
3.893664777704528e-08
1.764241364846782e-07
3.638427448765920e-08
1.501688394146526e-07
5.522386123760959e-08
1.120237469883757e-07
1.407906707587292e-07
-1.697472019778639e-07
1.229603595030737e-07
-1.468292111645440e-07
2.303103603453828e-07
-2.959595187491042e-07
1.417904532525533e-07
-1.089357113554304e-07
6.029775998648840e-09
-8.763670792833522e-08
3.968616117584635e-07
-3.198331214967452e-07
-3.837789899846834e-08
-1.653470585339337e-07
-9.042028576335381e-08
-1.193370178020083e-07
-1.939716047961214e-07
3.709828852808729e-08
-2.575692978908748e-09
3.338281568490371e-09
-4.309072652695154e-08
1.978203860137851e-08
3.386235521490382e-07
1.835692516812150e-07
-6.741380381407452e-08
-8.866272774805510e-08
-4.800938366763861e-09
2.096226259784170e-07
2.823910059940618e-08
5.560345480937346e-07
8.970528205363247e-09
-7.696835584565314e-08
-7.868866966241104e-08
-4.150443994919284e-08
9.338992265445320e-08
-1.052600996517396e-07
-2.657593736070297e-07
-1.614407159575141e-07
-5.487759005485493e-08
3.383069483531140e-08
-6.138321896292442e-08
3.941611136652019e-08
-7.896087566334755e-08
7.561137134706005e-08
8.684059610443121e-08
2.871510078263682e-07
7.867458009293662e-08
1.907098824059167e-07
3.273544241028404e-07
2.015482856968486e-07
3.332917910018516e-07
3.636524266365209e-09
3.598052324107815e-08
-2.899186607834019e-08
-1.688135919428299e-07
1.045088423304055e-07
-1.719255102275529e-07
-1.265993063943330e-07
-4.740787700937884e-08
-1.281375761149000e-07
1.526710020817794e-08
-2.621876280270133e-07
-3.006349689350235e-07
-2.286089095476745e-07
-1.134003147375406e-07
-9.135236043007888e-08
-1.679323199919525e-07
-2.679280991455072e-07
3.971085862554966e-08
-2.012421911806604e-07
4.948867995038319e-08
-1.038420334095398e-07
1.042991869463308e-07
-2.527062978046596e-08
-7.201685011661357e-08
1.467540759797706e-07
-1.119920046292587e-07
1.217946441061568e-07
-1.982310272609410e-07
2.252078706999061e-08
-3.515877301682714e-07
-2.546241413741634e-07
-5.181813290055866e-07
4.096295435130648e-07
-1.605588668539014e-07
1.301260580900837e-07
9.045339016048448e-08
1.891204951095790e-07
1.475146227509223e-07
1.743225114008191e-07
2.895537238679724e-07
4.081529941078299e-07
4.000840756081687e-07
1.733735758569906e-07
3.123130423593351e-07
-2.658026915367302e-07
1.710615936645685e-07
-3.940132483806311e-07
-3.207650244623443e-07
-3.352918673531430e-07
5.881135786733006e-07
-1.564991874120330e-07
2.337372101339998e-07
1.461109590915629e-07
2.656529137865371e-07
1.660086601131788e-07
2.151708087462014e-07
2.290246901946813e-07
1.399994643748686e-07
1.445383310926200e-07
-3.891043991060160e-08
1.548095982652177e-07
-2.186124989207929e-08
1.154477147121727e-07
-3.254219638891841e-07
4.562618521507989e-07
-9.182257336477622e-07
2.919918280641771e-07
-4.708729192562945e-07
1.519731555858433e-07
-2.379937767050685e-07
2.849706696192689e-07
1.111067376579651e-07
3.374261606349741e-07
2.923435261946052e-07
5.773715578905669e-07
3.887449343231960e-07
3.688054108844118e-07
2.855559050637694e-07
2.374777927564169e-08
1.512115991957115e-07
-5.915945457615976e-08
-9.336405740828286e-08
-5.221233995230544e-07
3.537733263513517e-07
-1.600783482216025e-08
2.425087812015138e-07
8.597681374297136e-08
2.530153410550144e-07
-1.859132268715992e-08
1.916551433941788e-07
3.856794917952699e-08
8.480888486993037e-08
1.742666760611582e-07
-1.307920173502701e-07
1.378525545159160e-07
-1.546136672169744e-07
7.946250067880372e-08
-1.927972010523707e-07
-3.196742498163212e-07
-3.015791652539713e-07
-9.984700116917806e-08
-1.133770126276467e-07
-7.474530881842688e-08
-1.347500577221046e-07
1.656786624812951e-07
7.397283140638693e-09
1.677696215735627e-07
3.410256566240784e-07
-1.519265893377449e-08
2.284323889250811e-07
-5.698744463847617e-08
1.496975334079386e-07
5.989910989397059e-08
2.662622259728846e-07
-1.076287703601984e-07
-1.138380479431029e-07
-9.555502942986628e-08
9.003174613383854e-08
-9.181888944588645e-08
2.908526767891431e-07
-5.145614752774817e-08
3.042310290198123e-08
2.804505824808941e-07
-1.263048256255179e-07
5.396673479212251e-08
-1.695712048599294e-07
-2.037044010942360e-07
-1.316724276331623e-07
-5.895799497099760e-07
2.540701580109119e-10
4.947189486219501e-08
-5.227134994845728e-08
2.209822921930006e-07
-3.499100134467640e-08
3.251645537137855e-07
-7.036031491790219e-09
1.638848512577358e-07
2.258460746597673e-07
-7.066950172299506e-08
-5.826825518569409e-08
-1.001368912024696e-07
-2.231175691008162e-08
-8.164413637685100e-08
-3.779709432139912e-07
-2.376718948527024e-07
5.504585751207023e-08
-1.024011931273390e-07
1.484806414811687e-07
-7.679798841449091e-08
1.297432068568612e-07
-7.782135449720099e-08
-4.160567818050925e-08
1.364880361438333e-07
-2.083096843329508e-07
2.165877838922090e-07
-1.613191778778436e-07
6.516190899860978e-08
-2.172412593589512e-07
2.357696558045271e-07
-3.276520733759312e-07
6.508815117302286e-08
1.028775748728196e-07
-3.095281711247232e-07
6.100399627529342e-09
-5.079788755898791e-07
1.423822498462282e-08
-2.518755575367634e-07
2.793322263165349e-07
1.625547513999076e-08
-2.010066445060988e-08
-2.434687843095792e-07
1.975132871264922e-07
5.738272186611248e-08
-2.988934908635620e-07
5.859513843608069e-08
-4.222427685957210e-07
-1.965285671456808e-07
-4.222445278843118e-07
1.604393758092145e-07
-2.518113067660842e-07
3.149140282867796e-07
2.407840311050973e-07
-1.422636997756413e-07
6.219613584789645e-09
-2.644856450512629e-07
2.854021564503233e-07
-2.332270300116499e-07
1.196482172779350e-07
-4.762685278106463e-07
3.174334016069027e-08
-2.940364982968367e-07
1.371691646868415e-07
2.169646570953477e-07
-1.714364126688884e-07
1.618193059994732e-07
-3.419073258513266e-07
1.962177363136786e-07
-4.008357977698703e-07
-9.053067316254052e-08
-3.116049482922284e-07
3.452491748279634e-08
-2.097117198149763e-07
-1.463100165907577e-07
7.551387452195232e-08
-3.495452110903053e-07
8.494707764842150e-08
-4.258912013178352e-07
-3.994230028794013e-08
-4.185291185707980e-07
2.376059562585831e-07
1.335127774835867e-07
-5.610775898682524e-07
2.688323822365853e-07
-4.155416614282706e-07
-9.494561477422964e-08
-4.583527538187826e-07
2.524043323360203e-08
-3.790677659387552e-07
-1.942752509256049e-07
2.572116179154250e-07
-3.447953100289536e-07
6.678973855697057e-08
-3.476044663953471e-07
2.006666306806275e-08
-3.147997756734825e-07
2.826467674707285e-07
-2.242536798229065e-07
-4.209567034782100e-07
-2.484358154696320e-08
-4.796350613818771e-07
-1.408742203830406e-07
-2.691765199888582e-07
-1.376843568544500e-07
-3.441686775510045e-07
2.456736303163544e-08
1.617365712060879e-07
-4.010966740347631e-07
-1.355387284518247e-08
-3.766343403376732e-07
9.846876642620726e-08
-3.747526231445224e-07
1.888813340718262e-07
-2.636699565185962e-07
-2.681655552867342e-07
2.135622103423504e-07
-6.525467896418430e-07
2.007355222843819e-07
-1.734241733569533e-07
-2.811406710917946e-07
2.970797703306473e-07
-8.179423326885029e-07
2.700513624992420e-07
-9.922585200981195e-08
-1.985431234515773e-07
1.959791809699998e-07
-7.959844782125934e-07
2.076657211457934e-07
-1.911033528496473e-07
-1.777066866166065e-07
2.221214123589836e-07
-7.883531781792647e-07
1.588651525355745e-07
-2.580893267143398e-07
-1.720098521013205e-07
1.574069355054668e-07
-7.277540694399730e-07
2.555359573493331e-07
-3.561799498393153e-07
-1.665593046220897e-07
2.189871629521477e-07
-6.481415117656505e-07
2.071613331276612e-07
-1.496354965470195e-07
-3.051464955724619e-07
4.694137373546177e-07
-3.250067529858322e-07
-2.231918685763923e-07
5.475518942765955e-07
-6.209518841749750e-07
-4.484039961734519e-07
3.712803647043235e-07
-2.555124213259050e-07
-4.124952361245835e-07
3.023829434130587e-07
-4.945854725775805e-07
-6.934521041129246e-07
7.170234913461201e-07
-1.755882510353574e-07
-3.038913511425231e-07
4.552803685039550e-07
-3.085959669904816e-07
-5.688286889285099e-07
-6.843530094332761e-07
-1.028582269344877e-06
-1.017553986116287e-06
-9.005108583970241e-07
-8.576261860190849e-07
2.812894474234348e-06
3.700205914628713e-06
3.069711750610133e-06
2.834532985369681e-06
2.290705809448641e-06
3.534149355167382e-06
1.121367369381685e-06
1.606813585620275e-06
1.495725917604443e-06
6.281142703956821e-07
1.455264692703475e-06
1.619148850158667e-06
1.015188982931915e-06
1.876828303532681e-06
1.331057488969038e-06
5.033990057713330e-07
1.727644979509097e-06
1.882548271419609e-06
-2.045483135376647e-08
1.436260952223644e-06
1.668447148641693e-06
9.795674994085192e-07
1.217845562007414e-06
2.303451345420831e-06
1.289983934938003e-06
1.976251599710777e-06
1.065940283497001e-06
1.352636220725306e-06
1.337477027577986e-06
1.079900632158856e-06
3.213855185023784e-06
4.422273751712409e-07
1.189085183414926e-06
1.315015368111512e-06
9.936389129028378e-07
1.844523000575587e-06
1.126786867324819e-06
1.308658904592237e-06
1.876968427350858e-06
1.199414296560754e-06
1.771405417423060e-06
9.923233715570429e-07
1.397525279650628e-06
1.362651108984433e-06
6.991660483006765e-07
1.134600822342043e-06
8.304380267484847e-07
1.267984832964935e-06
1.304465880494967e-06
1.013869742065435e-06
1.751955533143839e-06
9.886264242319850e-07
1.681380141719651e-06
1.405940945559789e-06
1.253862314726315e-06
1.606665901931031e-06
1.389568664317384e-06
1.567543359729435e-06
1.213282947406732e-06
1.165059201913119e-06
6.345065885009760e-07
3.359367090940688e-07
1.453474818371618e-07
8.447591102504237e-07
3.332534462923758e-07
1.092486113233063e-06
1.197076912325477e-06
9.109266282532164e-07
9.306043904678552e-07
7.368890908379553e-07
9.583870811539724e-07
1.730516435588250e-06
1.501196736432103e-06
1.917869471915842e-06
1.314391080697298e-06
1.457602666884752e-06
8.857038634631583e-07
8.074438258055619e-07
1.047912003099427e-06
1.025915675708446e-06
1.352772503493353e-06
9.537672247798939e-07
7.504909106668988e-07
7.782596494619864e-07
4.481208566569012e-07
5.056733942613325e-07
6.166070759811368e-07
1.010565435097359e-06
9.698911283487885e-07
1.426903923851051e-06
1.196042204228404e-06
1.600858874143215e-06
9.860883224968542e-07
8.139536623720703e-07
2.998886207854303e-07
5.283332884414632e-07
8.523405473759912e-07
7.198106719721952e-07
1.059901676083186e-06
4.680349257345837e-07
1.115134369911941e-06
8.720516482844411e-07
9.507183038715436e-07
1.641455337822641e-08
2.629431422326912e-07
4.872557965574736e-07
2.613824925264869e-07
6.737252598437387e-07
3.372158005594066e-07
5.944150877932990e-07
1.583017634050249e-07
4.638369312086361e-07
3.674988130316727e-07
2.412796707383558e-07
-1.147547677606829e-07
-1.793919330661419e-07
8.863819700406732e-07
7.723061664953064e-07
1.242652466422995e-06
1.050708409366561e-06
1.462695376585178e-06
7.252570308977797e-07
6.984745485954698e-07
-1.572739629769738e-07
-2.798248210739784e-07
5.201742319271690e-07
4.367229232096944e-07
6.738575999574118e-07
2.642966194849788e-07
5.662516018957426e-07
2.892417682769656e-07
5.653757557843334e-07
-7.166019800503250e-08
2.455835783585494e-07
1.812159011312216e-07
7.299574601796735e-08
9.841447721374614e-07
6.400633904167568e-07
1.104171602596386e-06
9.487160923499291e-07
1.459220740151757e-06
9.608688188854537e-07
1.128413092631463e-06
6.670432302595308e-07
5.210843204364076e-07
6.666791615880670e-07
3.726165962700829e-07
3.499447604342056e-07
3.810413169352700e-07
3.785478412874680e-07
4.813447741179711e-07
5.605577828971332e-07
1.202698613742613e-06
1.275895965157176e-06
8.726711899232133e-07
5.068084475845349e-07
3.905719292507121e-07
3.099344637660225e-07
1.552773251692842e-07
4.817182652172983e-09
2.781788031392896e-07
2.267920538922183e-07
1.198554020943317e-07
9.204674223524555e-08
1.135331650715506e-07
1.110016043284521e-07
-3.427068931406209e-08
3.040450945309302e-07
6.560517085304380e-07
4.911206375073466e-07
5.517288046212214e-07
5.553660330457793e-07
4.205553122463866e-07
4.245237104761345e-07
2.614692040536947e-07
4.809025723765306e-08
4.173059756722960e-07
3.183998237938533e-07
3.973654610337689e-07
4.939904490615319e-07
4.605659072571907e-07
8.336566065541316e-07
5.642915862785118e-07
7.194421427519225e-07
4.813499972221304e-07
2.962089953309020e-07
7.822913302282895e-08
-2.291065801760268e-08
-1.638607727075259e-07
-3.740525268100510e-07
-2.348482137534543e-07
-1.207940501811557e-07
7.289984604924821e-08
2.734377805705004e-07
5.281640606188668e-07
8.187303069770249e-07
9.490709130637154e-07
1.808029695435643e-06
1.101068537431698e-06
1.012227963011877e-06
8.281864531503275e-07
7.200679882875509e-07
5.763326608379561e-07
4.950698551765923e-07
4.155041301797391e-07
2.585752230876584e-07
-2.729945129927763e-07
-1.831251083376096e-07
-1.452546442364519e-07
3.342433077196245e-08
-4.898662221327335e-08
3.114102300386134e-07
1.991243573843768e-07
2.581921845077703e-07
8.585249803311463e-07
1.299940645633786e-08
6.496452862384871e-08
3.133767126390092e-07
-1.045630883900354e-07
-3.420333822357113e-07
-2.980098288962058e-07
-3.621072141292198e-07
-1.389901985463101e-07
-1.394136199563888e-07
1.955448386214303e-07
-2.999828516541157e-07
-2.553024250745008e-07
-2.610671526055997e-07
3.212856567568086e-07
-8.833248813353426e-07
1.131019892209587e-07
2.567017707400253e-07
2.350043996994424e-07
1.733804898749245e-07
4.010456524817989e-07
-1.688211315669702e-08
3.374037133747732e-08
-2.849727585210692e-07
-2.826663412809349e-07
-3.239423754898528e-07
-3.868034782513511e-07
-1.602741380010231e-07
-1.818884047850981e-07
1.848404412807724e-07
1.737490057399206e-07
3.705263512026026e-07
9.119485647121867e-07
7.451495333465058e-07
-2.248313459102246e-07
5.747304620179388e-07
-3.023836663068148e-08
-2.803394316872911e-08
-3.319232128811791e-07
-2.390336963692188e-07
-5.642518671627048e-07
-5.971123494669545e-07
-7.410396659763199e-07
-5.732925313605810e-07
-4.527551840528565e-07
-3.848524676341567e-07
-6.794212224779672e-08
1.856160286954605e-07
9.621671426487818e-07
1.012465824885386e-06
1.433757827423512e-06
1.985603474471561e-07
6.533988294389499e-07
3.419518175461088e-07
2.107139799333122e-07
4.044905391852124e-08
-4.354768066638309e-08
-2.020764404705498e-07
-4.832359761987965e-07
-5.141080696136322e-07
-4.562246162571884e-07
-2.924634275106057e-07
-2.905514532138608e-07
-1.760000983873375e-07
-3.126804345776914e-07
-2.140959347559966e-07
-7.012566651552341e-08
-1.325725330551996e-07
7.669193833833162e-08
6.789499667819883e-08
6.883552481907354e-07
-7.906256428618319e-08
-9.908550389301375e-08
-1.395606927861024e-07
-1.654864590503378e-07
-1.143822141451991e-07
-2.203078575500401e-08
-4.631772712170721e-07
-3.603468580885008e-07
-2.233091859069114e-07
-2.384889232599994e-07
-4.403609242099032e-07
-8.661005162513803e-07
-6.633033338487888e-07
1.184165998015489e-07
-9.550377758798158e-07
-4.939301063256921e-07
-5.027119019904760e-07
-2.676586359002521e-07
-5.677401221593590e-08
-2.384335595525014e-07
-2.391947979825216e-07
-3.039975191082708e-07
-3.686074112285524e-07
-4.841211718649355e-07
-2.546867358547273e-07
-4.517655309448346e-07
-1.840856672689421e-07
-1.502395846632387e-07
-1.652325945830906e-07
-2.473833099829345e-07
-5.110312598983784e-07
-4.513762432413359e-07
-5.134955400379925e-07
-4.567232264234174e-07
-5.976394529183060e-07
-5.679295997274988e-07
-7.056668870478364e-07
-8.783424335234317e-07
-7.274707960266163e-07
-7.605889699697954e-07
-5.893663904311628e-07
-6.195310686156354e-07
-4.603253749130852e-07
-3.699545560807746e-07
-2.225594182185563e-08
-1.080250963958936e-07
-1.892802243261909e-07
-1.238188524802529e-07
-1.829757255518053e-07
-2.095427093060417e-07
4.536529110214698e-08
-1.063964524687038e-07
5.530772956115005e-08
2.263121586541808e-07
1.458056330036023e-08
-3.637322048992189e-08
-3.780174863169556e-08
-1.542314352420014e-07
-2.576561638589980e-07
-3.238355053216036e-07
-3.343003999519446e-07
-5.635683134144093e-07
-5.674236330286086e-07
-2.121478308832482e-07
-6.682675410615084e-07
-7.567316256070834e-07
-6.349984539703345e-07
-7.513026134063777e-07
-6.172567112343248e-07
-6.552334416644189e-07
-6.464901461203305e-07
-7.816799344963704e-07
-6.797605010578913e-07
-9.874235389077893e-07
-9.020607628735284e-07
-1.707143502583572e-06
-7.974262561552426e-07
-7.836223105773800e-07
-6.117962192112369e-07
-6.381130704572323e-07
-5.081766460350893e-07
-6.127031960242016e-07
-7.550859708808971e-07
-6.577845330976745e-07
-4.631695626026510e-07
-4.059013818960450e-07
-3.519728329692392e-07
-5.082957356363598e-07
-5.189286924759397e-07
-8.879653356822001e-07
-2.947116030177711e-07
-3.531746256610412e-07
-2.658926694485938e-07
-3.203337336302749e-07
-2.811718403733323e-07
-6.642958449284563e-07
-5.530631979297403e-07
-5.298524985899383e-07
-4.937949995121624e-07
-6.961394989154279e-07
-7.684400356015471e-07
-8.232201836582546e-07
-5.831889416320221e-07
-8.736794023617052e-07
-6.215311236483741e-07
-6.631160635297547e-07
-4.723571308705196e-07
-6.031140065690352e-07
-5.653090511354520e-07
-6.506124481738060e-07
-5.062198050736261e-07
-5.303347609406574e-07
-4.689000524854912e-07
-6.683534303835876e-07
-5.955062125948061e-07
-3.225540314481221e-07
-3.833172016188292e-07
-5.257783888926975e-07
-4.467339458418707e-07
-4.564438128914705e-07
-4.235528295144052e-07
-3.854326428665144e-07
-3.434285313971677e-07
-5.875419346550564e-07
-5.749682646325116e-07
-6.317444771004257e-07
-6.267702047978641e-07
-7.212712226428308e-07
-5.910644264245286e-07
-6.857466343277884e-07
-5.623959636410167e-07
-7.662843144158481e-07
-6.154968852990983e-07
-8.548719968755489e-07
-7.425521882422238e-07
-8.720244415068031e-07
-7.378146102262713e-07
-7.726409234339690e-07
-6.523755472716451e-07
-6.833941332652306e-07
-6.933308083892494e-07
-9.149159332101226e-07
-8.598088868827118e-07
-8.695433428928345e-07
-8.773270893774846e-07
-9.230198633827175e-07
-9.557081576967838e-07
-9.803470414672509e-07
-1.130450922011987e-06
-8.545325558089869e-07
-1.048168393763582e-06
-1.087095005698828e-06
-1.347289543599023e-06
-1.460567929631800e-06
-1.975150198776765e-06
-2.375303832863994e-06
-9.555151157814339e-07
-9.619291135270003e-07
-9.093257435912738e-07
-7.684888161251708e-07
-4.896902488615272e-07
-4.226642302960614e-07
-6.518556400001867e-08
-4.409221621209433e-07
-4.955339584267549e-07
-5.244034062902253e-07
-5.447840572989561e-07
-5.232338578153950e-07
-4.564758274738954e-07
-3.552497294967765e-07
-4.843714314992507e-07
-4.371940611551951e-07
-5.940350835426887e-07
-5.896977543440007e-07
-9.320632808132447e-07
-1.102007822846807e-06
-8.578451167223835e-07
-6.904140533885918e-07
-7.444777456804821e-07
-7.801944787598329e-07
-7.681354803439589e-07
-7.562911470317791e-07
8.838699721671731e-09
-9.712131619668190e-07
-8.780110253150688e-07
-8.383673925160001e-07
-7.580059386790728e-07
-7.788876571222882e-07
-7.685051942739932e-07
-9.118237804789538e-07
-9.392944747100340e-07
-7.194604021058087e-07
-7.993737106260748e-07
-8.573742446606511e-07
-1.075920931535364e-06
-1.233023273099024e-06
-7.931038700888545e-07
-7.301959683158640e-07
-7.335476156358108e-07
-5.625211696758763e-07
-4.374803118726116e-07
-2.794273568399465e-07
-6.551540029208106e-08
-6.700559017482144e-07
-5.314427520152387e-07
-6.637533213707477e-07
-6.955210240735979e-07
-8.216116317865707e-07
-8.695590462259735e-07
-1.452992857670082e-06
-1.512549124598965e-06
-1.153972752922583e-06
-1.176096179997167e-06
-1.067871065494974e-06
-1.039688784761665e-06
-1.264940728282835e-06
-8.023959757761783e-07
-8.599250660578593e-07
-8.298292563339342e-07
-7.513615235975625e-07
-5.969226291944099e-07
-6.959804170969896e-07
-6.088524746818683e-07
-7.299291079576554e-07
-5.081660301716477e-07
-1.605380596440256e-06
-1.064394904719192e-06
-1.493973187376655e-06
-1.057302502640281e-06
-1.102301130406818e-06
-1.162934316074287e-06
-9.002447075834928e-07
-1.379903013985078e-06
-1.234555095193517e-06
-1.766752771838230e-06
-1.864316104242834e-06
-2.386102061037576e-06
-1.799654726550632e-06
-1.850317054412556e-06
-1.841240574622144e-06
-1.534931344217204e-06
-1.187154404491853e-06
-4.786280193002295e-07
-9.311141245215537e-07
-7.312305629226207e-07
-9.637485118783428e-07
-1.045249831896748e-06
-1.314664971530145e-06
-1.905907482581233e-06
-1.446337420801520e-06
-1.107590977327807e-06
-2.038012909406466e-06
-1.077583351517401e-06
-1.369331301230328e-06
-1.841099043198103e-06
-1.354923855812072e-06
-2.089209828294198e-06
-2.259167573269849e-06
-2.353044331432928e-06
-2.013107580250297e-06
-1.864474061791250e-06
-9.843546577356426e-07
-1.319657871328527e-06
-2.180405743275182e-07
-1.214989865579205e-06
-1.730210529497372e-06
-1.526711014271519e-06
-1.391633039146419e-06
-1.600554270513820e-06
-1.410062427530621e-06
-1.574220812921318e-06
-1.670453276661831e-06
-1.650094702966563e-06
-1.707665825797408e-06
-1.708400346565143e-06
-1.911794786838549e-06
-2.052276771822279e-06
-1.814694877257873e-06
-1.646909921413652e-06
-1.611681422113793e-06
-1.448463611126988e-06
-1.300555059197468e-06
-1.119416516008829e-06
-1.086614053296473e-06
-7.103551214506522e-07
-8.502641750721763e-07
-1.528258383032609e-06
-1.417571734609295e-06
-1.410226437410225e-06
-1.587590667704001e-06
-1.603943699606950e-06
-1.604640848039315e-06
-1.517026888180915e-06
-1.710687610116849e-06
-1.681247035751320e-06
-1.026261540547910e-06
-1.672548094262697e-06
-1.841950877849052e-06
-1.440013945816761e-06
-1.401268222303031e-06
-1.346024782016562e-06
-1.165639540464501e-06
-4.169846539040287e-07
8.232690133509693e-08
-1.659786885968851e-06
-2.404322994999646e-06
-1.802216352419034e-06
-1.563016322089998e-06
-1.479371052191018e-06
-1.286423905915350e-06
-1.143665384663309e-06
-9.991902349530059e-07
-6.623323387100916e-07
-6.188667247030242e-07
-6.870260532295689e-07
-7.878266580942041e-07
-8.442180026293523e-07
-9.598520039364010e-07
-1.141280990429386e-06
-1.008992009174162e-06
-9.784045609218298e-07
-9.222263009272656e-07
-9.283265443878533e-07
-8.340236902963252e-07
-6.344859100816917e-07
-5.203375133983306e-07
-2.847921843549320e-07
-5.128959703156426e-07
-5.011659608024416e-07
-4.976071838015386e-07
-3.939981852701756e-07
-3.930591418511463e-07
-4.279451783936838e-07
-6.627960025386122e-07
-7.989398359597753e-07
-5.941721403961779e-07
-5.833949250318609e-07
-7.743101063691560e-07
-1.046601042382140e-06
-1.421599805644858e-06
-8.598373801305645e-07
-7.572047497502779e-07
-7.601218633608974e-07
-5.874068607905937e-07
-3.517414577781931e-07
-3.117516888943433e-07
2.290684214703105e-07
-8.779168013067025e-07
-9.439758027641421e-07
-7.415617296671176e-07
-6.585439919030583e-07
-6.533316207615707e-07
-7.550735787140282e-07
-9.496023382001074e-07
-9.741332463340863e-07
-9.204373560594879e-07
-9.240327397816670e-07
-9.335551069411000e-07
-1.138672419056390e-06
-1.071973292420998e-06
-6.754022949437159e-07
-7.076450685854233e-07
-7.453699912986452e-07
-7.378102215341143e-07
-7.213061638919159e-07
-8.551695981572208e-07
-7.488605349266856e-07
-8.170271846375648e-07
-9.368334696109301e-07
-9.554553495685439e-07
-9.223322615307900e-07
-8.434158552975252e-07
-7.811576740569080e-07
-8.646869206419792e-07
-9.921630554824606e-07
-9.509834826635761e-07
-9.512503895978193e-07
-9.982425069527976e-07
-1.004589687872438e-06
-1.392215298153498e-06
-9.811127110109181e-07
-1.073549216314130e-06
-1.094148616030514e-06
-1.042904314701985e-06
-1.046323813704080e-06
-1.085094124710124e-06
-1.247055731487277e-06
-1.201770834392332e-06
-9.702419222602795e-07
-1.031287498311994e-06
-8.250081178045147e-07
-8.891622209834138e-07
-7.615499472774855e-07
-8.095440668940169e-07
-4.383246566509532e-07
-7.477797184312665e-07
-7.673779932818954e-07
-8.959575956909829e-07
-1.058912299901015e-06
-1.330347486651643e-06
-8.219344685796505e-07
-8.022979543919537e-07
-6.859144019536888e-07
-7.298577535766827e-07
-6.590323823563336e-07
-6.866690986444921e-07
-6.679963778451340e-07
-5.537250806258839e-07
-5.923178899801420e-07
-5.025452363213193e-07
-4.187880079463221e-07
-3.975802674884501e-07
-3.788075486099830e-07
-6.056408629149292e-07
1.071156677966418e-07
-3.946537152475174e-07
-5.101495948403019e-07
-7.853662559951757e-07
-9.534764908510067e-07
-1.184073425208204e-06
-6.967843293741185e-07
-5.980472649222510e-07
-5.135453507055234e-07
-5.551663824540651e-07
-5.692352640904966e-07
-4.824887062283148e-07
-2.652916808707691e-07
-3.479493105383715e-07
-3.233687341634800e-07
-4.957639375174646e-07
-3.495684939745014e-07
-4.701300963519341e-07
-4.390731000109796e-07
-9.011333677494328e-07
-8.009405751657316e-07
-8.210824348128875e-07
-7.157634069190686e-07
-7.760993624961139e-07
-5.005511629998128e-07
-5.890895958971552e-07
-5.173755607263999e-07
-5.827840831550963e-07
-5.299861228133106e-07
-6.527758937248058e-07
-7.256590520184631e-07
-9.061079341940455e-07
-9.677007437756475e-07
-8.287143037343125e-07
-7.528017274667146e-07
-7.900988654743560e-07
-7.224796129844547e-07
-7.385637729215092e-07
-6.873440073553471e-07
-8.256945040582692e-07
-7.107416282850288e-07
-8.458173480648206e-07
-9.354206532080947e-07
-1.083036135409522e-06
-9.586291165928667e-07
-6.510012759989870e-07
-7.695070157920703e-07
-8.970719413217724e-07
-8.332496275171568e-07
-9.236805697658885e-07
-9.078401970711873e-07
-1.015975377391258e-06
-8.125211996763487e-07
-5.729925643705659e-07
-3.837237757644768e-07
-3.882234351907272e-07
-3.500545936559730e-07
-4.377184012020479e-07
-1.051435152380826e-07
-2.251940961391759e-07
-3.403761652158903e-07
-1.796476772270400e-07
-5.353990702851748e-07
-9.517815803303664e-07
-1.498398474726018e-07
-2.324193218234268e-07
-2.555001325058084e-07
-2.196384988389216e-07
-2.728413398734006e-07
-2.519131434348561e-07
-5.809986751643274e-07
-6.394464445588678e-07
-5.364099850669058e-07
-4.580982009659717e-07
-5.487151215258345e-07
-8.704867494781602e-07
-6.848393967168460e-07
-2.367590812803427e-07
2.935287526086933e-08
-5.002094677987256e-07
-7.502435913784474e-07
-8.549984488374022e-07
-1.468129376315019e-06
-7.364385725299517e-07
-4.491655313062493e-07
-3.886609815908174e-07
-4.207555411729052e-07
-4.790363749721378e-07
-2.816209821304709e-07
1.826790893103337e-07
-7.825360809778362e-08
-1.044682985078947e-07
-3.078981319474175e-07
-2.097769470218447e-07
-3.245575541059821e-07
-2.918651987267059e-07
-3.830556476065847e-07
-6.752908271110231e-07
-7.190543475448451e-07
-7.268781483537517e-07
-6.357376394549646e-07
-1.113162323256008e-06
-9.230521342524479e-07
-9.885128355388000e-07
-6.365410495923358e-07
-6.321064565343944e-07
-5.769602175563554e-07
-4.937641237668124e-07
-8.469548860710268e-07
-5.071169606566297e-07
-4.297443530881628e-07
-4.451572282954788e-07
-3.567568014565036e-07
-2.870042323610885e-07
-3.749089986396202e-08
4.378790985128475e-07
-4.046480011837959e-08
1.048392900055862e-07
-3.550181577838320e-07
1.093524274794123e-07
-1.573356553792890e-07
-2.632002543807537e-07
-3.120914061552603e-07
-3.550033804697153e-07
-4.789352819922213e-07
-5.293533295072940e-07
-5.924894838151464e-07
-2.047945019240069e-07
-2.974937459898200e-07
-8.141831244177099e-08
-1.062783200587771e-07
1.795572961854298e-07
1.857551308287449e-07
5.760575648710335e-07
7.091913187199531e-07
8.259130282800395e-07
-4.854917615912772e-07
5.714622770587283e-08
-1.817773079145859e-07
-3.612541472380383e-07
-4.106096101776217e-07
-5.284084527771115e-07
-6.884328758250598e-07
-9.077157772461688e-07
-1.287459217297573e-06
-1.267680995679818e-06
-1.044959417544540e-06
-8.803420142470785e-07
-2.619085185272096e-07
-3.342486827595390e-07
1.086676020213271e-07
5.324318803965548e-07
-1.117812739916294e-08
-1.146101465465407e-06
-5.198716859625449e-07
-6.736865322109011e-07
-8.104087591528985e-07
-7.619285726237559e-07
-7.293361034544364e-07
-7.320103159827600e-07
-6.100238739879699e-07
-3.890568548031011e-07
-4.614029720953764e-07
-1.260638717685694e-07
-2.728059177334414e-07
-1.446736331779243e-07
-3.510994017412300e-08
3.222438462808609e-07
-5.976083982963427e-07
1.153604553951964e-06
-2.299933804010089e-07
1.477011698053019e-07
-3.038934406239778e-07
-3.687125319640158e-07
-8.147777706316495e-07
-9.662470834683190e-07
-1.189065769941139e-06
-1.199214439565628e-06
-1.619095915146611e-06
-1.334488590066600e-06
-1.170407007791943e-06
-7.809132809304560e-07
-3.134685055322825e-07
-2.038956877732530e-07
6.357055145168485e-08
3.864805749770657e-07
8.041640110676342e-07
-4.069994297885523e-07
-2.572708099814160e-07
-4.391822565814705e-07
-5.186790819142003e-07
-4.813416973014437e-07
-3.789769779028559e-07
-4.123164234583274e-07
-3.930770185643285e-07
-2.023240415576951e-07
-2.601138092324592e-08
1.580774482602516e-07
1.852210147967970e-07
3.944144740462711e-07
3.870317523582164e-07
6.053852988215100e-07
1.143180531480968e-06
7.324339663558427e-07
5.744794029328836e-07
3.205133733113261e-07
2.454554402667173e-07
7.252968013533278e-08
-4.109526053675812e-08
-3.416459626647538e-07
-7.137405951363008e-07
-3.711507057369801e-07
-4.387435821989069e-07
-2.389902004256051e-07
-1.036268029742293e-07
-1.694011325660046e-07
-1.951357084096667e-07
-5.594505773637294e-07
-4.129453580666617e-08
-3.326463095496076e-09
-5.791465785335973e-08
3.524599097483002e-10
-1.549252235827634e-07
-4.501112311225765e-08
-1.571483362500823e-07
-2.180981221542524e-07
4.662005081661231e-08
1.312501827289013e-07
2.699459862966955e-07
4.206201438832304e-07
4.975448067830173e-07
5.415219901845786e-07
1.289034409102336e-06
2.264332609634019e-07
2.418742305913254e-07
3.000615190130334e-08
-1.274439480419169e-07
-3.539731628316299e-07
-3.449419897500781e-07
-5.290789904496148e-07
-7.871226536307438e-07
-3.678177913102083e-07
-2.575441448218224e-07
2.126575912641619e-08
1.710121902820043e-07
3.604569473190943e-07
3.545566946117291e-07
1.145272934541422e-06
5.075762078087456e-07
3.714250733301846e-07
1.630466057570726e-07
1.377364716444717e-07
2.205763215162814e-08
8.053052019191828e-08
3.856652658381590e-08
3.283572020553800e-07
3.624896119668789e-07
5.406774525224256e-07
3.789968068974967e-07
6.663635815791721e-07
7.512540853375809e-07
8.379317250204600e-07
4.260453983868387e-07
8.752278993743395e-07
4.143629501034764e-07
3.911994226483696e-07
6.407378004249614e-07
7.504164624851593e-07
8.819195210800912e-07
7.241617175832338e-07
4.755031506905175e-07
5.358038812338096e-08
-2.154671679272261e-08
3.821872335782154e-07
4.926521523868670e-07
-4.917907353629117e-08
1.927316750803810e-07
5.990313914857740e-07
6.474549526474583e-07
9.279411652712918e-07
1.261598138829640e-06
9.578082189849853e-07
5.198731472470291e-07
6.134921010805464e-07
-1.171912597878169e-07
7.049674746256405e-08
6.610125236585878e-07
6.025055883906936e-07
6.932775132563600e-07
2.530517174810766e-07
5.287273990100566e-07
5.785041381044148e-07
7.957989350945914e-07
6.380576296936308e-07
4.542821049954230e-07
1.638401190019998e-07
5.250230902568646e-08
5.209011199092695e-07
4.803820819707124e-07
1.042794638691274e-06
6.033864864007947e-07
1.125338228491723e-06
1.019165035601243e-06
8.235008888212664e-07
6.344854585154550e-07
6.245760440631663e-07
8.055845140267814e-07
9.152863221041146e-07
1.148515053366475e-06
1.109421622286101e-06
1.425232861269085e-06
1.103240242193101e-06
1.093787645201490e-06
6.392757017437582e-07
4.329248288486998e-07
1.428083531170855e-06
9.344359147791108e-07
1.377303320103270e-06
1.095571815924546e-06
1.203510567232182e-06
8.350325421462724e-07
9.185175142200004e-07
7.326418519186973e-07
7.306714464895923e-07
1.033123050862031e-06
9.116186691667860e-07
1.336633667335261e-06
9.733055251631325e-07
1.000353443358724e-06
7.669821912476807e-07
8.697661981916733e-07
1.155123223337163e-06
1.101068307887104e-06
1.424887127840978e-06
1.339931627112362e-06
1.220037160319848e-06
1.620617143214877e-06
1.134481894537396e-06
5.882805174389996e-07
7.930219806650618e-07
1.054703971334794e-06
1.066853710801356e-06
1.360364209912729e-06
1.137222784726933e-06
1.272801899041035e-06
8.027787490305104e-07
1.052274301502128e-06
1.407604252262682e-06
1.021812047792985e-06
1.793483701771126e-06
1.053653069644239e-06
1.379434313822866e-06
1.289129119668354e-06
8.556872083265461e-07
1.859149658135833e-06
1.006846370329872e-06
1.306965882681323e-06
1.305118440969683e-06
1.013079940756539e-06
1.699948250547747e-06
1.029696752147987e-06
1.422061679624939e-06
1.434707950285720e-06
1.058217478990457e-06
1.773892768228576e-06
1.222840133235071e-06
1.575925821292548e-06
1.604056799815603e-06
1.307212823579212e-06
1.920013882858164e-06
1.010012679936608e-06
1.464992670694827e-06
1.400500885390815e-06
1.056143338055503e-06
1.818106452872697e-06
1.026494229721127e-06
1.227951221850100e-06
1.580131973176083e-06
8.938130176090548e-07
1.610029184492750e-06
1.472270286035328e-06
8.352944118157121e-07
2.104127787288466e-06
1.918534548644940e-06
1.210768103935422e-06
1.634391868909875e-06
1.887231852897922e-06
1.431243607783676e-06
2.126593786368436e-06
2.337989078540753e-06
6.563943657235170e-07
1.458316020930275e-06
1.611793540347829e-06
9.706926808139893e-07
1.605926183254701e-06
2.630630496302726e-06
2.839869945127564e-06
3.455665880910511e-06
3.514236717117276e-06
3.213144667726420e-06
3.088833839616616e-06
