1.205285381680424e-02
1.205284317217920e-02
1.205285381680424e-02
1.205285381680424e-02
1.205284317217920e-02
1.205285381680424e-02
1.206348360807879e-02
1.205116761386392e-02
1.205117958295405e-02
1.206347094916624e-02
1.205117958295405e-02
1.205116761386392e-02
1.206348360807879e-02
1.205123035700613e-02
1.205123035700613e-02
1.206348360807879e-02
1.205116761386392e-02
1.205117958295405e-02
1.206347094916624e-02
1.205117958295405e-02
1.205116761386392e-02
1.206348360807879e-02
1.205123035700613e-02
1.205123035700613e-02
1.204502209746487e-02
1.202964125663879e-02
1.204498526400867e-02
1.203505192314950e-02
1.203499436733223e-02
1.204495589453902e-02
1.202958646589478e-02
1.204495589453902e-02
1.203499436733223e-02
1.203505192314950e-02
1.204498526400867e-02
1.202964125663879e-02
1.204502209746487e-02
1.203510103670776e-02
1.203510103670776e-02
1.204502209746487e-02
1.202964125663879e-02
1.204498526400867e-02
1.203505192314950e-02
1.203499436733223e-02
1.204495589453902e-02
1.202958646589478e-02
1.204495589453902e-02
1.203499436733223e-02
1.203505192314950e-02
1.204498526400867e-02
1.202964125663879e-02
1.204502209746487e-02
1.203510103670776e-02
1.203510103670776e-02
1.202214149386929e-02
1.200774030302371e-02
1.201901703949623e-02
1.200664282358960e-02
1.201984460216742e-02
1.200942157750060e-02
1.202446486963575e-02
1.201590950280459e-02
1.201028789938362e-02
1.202035698328831e-02
1.200679211068915e-02
1.201880106952433e-02
1.200725684496210e-02
1.202124771383107e-02
1.201161259465820e-02
1.201439312600778e-02
1.202322896886675e-02
1.200856872655691e-02
1.201944769936800e-02
1.200667863362202e-02
1.201944769936800e-02
1.200856872655691e-02
1.202322896886675e-02
1.201439312600778e-02
1.201161259465820e-02
1.202124771383107e-02
1.200725684496210e-02
1.201880106952433e-02
1.200679211068915e-02
1.202035698328831e-02
1.201028789938362e-02
1.201590950280459e-02
1.202446486963575e-02
1.200942157750060e-02
1.201984460216743e-02
1.200664282358960e-02
1.201901703949623e-02
1.200774030302371e-02
1.202214149386929e-02
1.201292427368008e-02
1.201292427368008e-02
1.199559994805602e-02
1.198036326628397e-02
1.199212400711310e-02
1.197836694095030e-02
1.199151889549313e-02
1.197894617370422e-02
1.199331460359037e-02
1.198194415753729e-02
1.199749473000374e-02
1.198738355462924e-02
1.198292470851634e-02
1.199399510348841e-02
1.197948798239507e-02
1.199166147405936e-02
1.197829356462484e-02
1.199185832500078e-02
1.197981737703716e-02
1.199473930747498e-02
1.198388552953713e-02
1.198617309105260e-02
1.199650941635214e-02
1.198111103458043e-02
1.199276216926424e-02
1.197883925967233e-02
1.199170410539659e-02
1.197883925967233e-02
1.199276216926424e-02
1.198111103458043e-02
1.199650941635214e-02
1.198617309105260e-02
1.198388552953713e-02
1.199473930747498e-02
1.197981737703716e-02
1.199185832500078e-02
1.197829356462484e-02
1.199166147405936e-02
1.197948798239507e-02
1.199399510348841e-02
1.198292470851634e-02
1.198738355462924e-02
1.199749473000374e-02
1.198194415753729e-02
1.199331460359037e-02
1.197894617370422e-02
1.199151889549313e-02
1.197836694095030e-02
1.199212400711310e-02
1.198036326628397e-02
1.199559994805602e-02
1.198520214942728e-02
1.198520214942728e-02
1.196652335537992e-02
1.195307114660346e-02
1.196350413311641e-02
1.195072799797533e-02
1.196176320090520e-02
1.194962362136925e-02
1.196119111240771e-02
1.194962362136925e-02
1.196176320090520e-02
1.195072799797533e-02
1.196350413311641e-02
1.195307114660346e-02
1.196652335537992e-02
1.195646270959369e-02
1.195646270959369e-02
1.196652335537992e-02
1.195307114660346e-02
1.196350413311641e-02
1.195072799797533e-02
1.196176320090520e-02
1.194962362136925e-02
1.196119111240771e-02
1.194962362136925e-02
1.196176320090520e-02
1.195072799797533e-02
1.196350413311641e-02
1.195307114660346e-02
1.196652335537992e-02
1.195646270959369e-02
1.195646270959369e-02
1.196652335537992e-02
1.195307114660346e-02
1.196350413311641e-02
1.195072799797533e-02
1.196176320090520e-02
1.194962362136925e-02
1.196119111240771e-02
1.194962362136925e-02
1.196176320090520e-02
1.195072799797533e-02
1.196350413311641e-02
1.195307114660346e-02
1.196652335537992e-02
1.195646270959369e-02
1.195646270959369e-02
1.196652335537992e-02
1.195307114660346e-02
1.196350413311641e-02
1.195072799797533e-02
1.196176320090520e-02
1.194962362136925e-02
1.196119111240771e-02
1.194962362136925e-02
1.196176320090520e-02
1.195072799797533e-02
1.196350413311641e-02
1.195307114660346e-02
1.196652335537992e-02
1.195646270959369e-02
1.195646270959369e-02
1.193765101558412e-02
1.192490998318062e-02
1.193504680987003e-02
1.192265796994904e-02
1.193337542411782e-02
1.192141219751995e-02
1.193246994985213e-02
1.192093300430819e-02
1.193246994985213e-02
1.192141219751995e-02
1.193337542411782e-02
1.192265796994904e-02
1.193504680987003e-02
1.192490998318062e-02
1.193765101558412e-02
1.192772771194835e-02
1.192772771194835e-02
1.193765101558412e-02
1.192490998318062e-02
1.193504680987003e-02
1.192265796994904e-02
1.193337542411782e-02
1.192141219751995e-02
1.193246994985213e-02
1.192093300430819e-02
1.193246994985213e-02
1.192141219751995e-02
1.193337542411782e-02
1.192265796994904e-02
1.193504680987003e-02
1.192490998318062e-02
1.193765101558412e-02
1.192772771194835e-02
1.192772771194835e-02
1.193765101558412e-02
1.192490998318062e-02
1.193504680987003e-02
1.192265796994904e-02
1.193337542411782e-02
1.192141219751995e-02
1.193246994985213e-02
1.192093300430819e-02
1.193246994985213e-02
1.192141219751995e-02
1.193337542411782e-02
1.192265796994904e-02
1.193504680987003e-02
1.192490998318062e-02
1.193765101558412e-02
1.192772771194835e-02
1.192772771194835e-02
1.193765101558412e-02
1.192490998318062e-02
1.193504680987003e-02
1.192265796994904e-02
1.193337542411782e-02
1.192141219751995e-02
1.193246994985213e-02
1.192093300430819e-02
1.193246994985213e-02
1.192141219751995e-02
1.193337542411782e-02
1.192265796994904e-02
1.193504680987003e-02
1.192490998318062e-02
1.193765101558412e-02
1.192772771194835e-02
1.192772771194835e-02
1.191128255569758e-02
1.190117037078377e-02
1.190928921811198e-02
1.189920864171919e-02
1.190768184179416e-02
1.189805410387691e-02
1.190667669232040e-02
1.189709305524867e-02
1.190579391848207e-02
1.189633560182773e-02
1.190534035640453e-02
1.189632910428187e-02
1.190552943982448e-02
1.189663219465332e-02
1.190594451996064e-02
1.189712398223770e-02
1.190651210826192e-02
1.189772220805967e-02
1.190764577460079e-02
1.189924966211973e-02
1.190925234919992e-02
1.190099740544540e-02
1.191125912447913e-02
1.190316580744602e-02
1.190315573178920e-02
1.191128396254537e-02
1.190097758493319e-02
1.190916741960937e-02
1.189909299918746e-02
1.190764512215823e-02
1.189783877234397e-02
1.190647877260079e-02
1.189697050832908e-02
1.190593190533300e-02
1.189668054408647e-02
1.190548689759138e-02
1.189630537533547e-02
1.190548689759138e-02
1.189668054408647e-02
1.190593190533300e-02
1.189697050832908e-02
1.190647877260079e-02
1.189783877234397e-02
1.190764512215823e-02
1.189909299918746e-02
1.190916741960937e-02
1.190097758493319e-02
1.191128396254537e-02
1.190315573178920e-02
1.190316580744602e-02
1.191125912447914e-02
1.190099740544540e-02
1.190925234919992e-02
1.189924966211973e-02
1.190764577460079e-02
1.189772220805967e-02
1.190651210826192e-02
1.189712398223770e-02
1.190594451996064e-02
1.189663219465332e-02
1.190552943982448e-02
1.189632910428187e-02
1.190534035640453e-02
1.189633560182773e-02
1.190579391848208e-02
1.189709305524867e-02
1.190667669232040e-02
1.189805410387691e-02
1.190768184179416e-02
1.189920864171918e-02
1.190928921811198e-02
1.190117037078377e-02
1.191128255569758e-02
1.190308702534873e-02
1.190308702534873e-02
1.189101793867641e-02
1.188544657644822e-02
1.189017018719326e-02
1.188464562962290e-02
1.188953745642930e-02
1.188407426781948e-02
1.188897761566090e-02
1.188342202922017e-02
1.188830327838726e-02
1.188273132928029e-02
1.188766493594351e-02
1.188226706939933e-02
1.188734066366452e-02
1.188193241182377e-02
1.188691996709083e-02
1.188140764959335e-02
1.188636312873785e-02
1.188093670961204e-02
1.188574858090153e-02
1.188051983069417e-02
1.188539138885398e-02
1.188005387342158e-02
1.188508282286771e-02
1.187990425779800e-02
1.188488927905053e-02
1.187951839221678e-02
1.188456915022887e-02
1.187928235342852e-02
1.188422306399540e-02
1.187891802546499e-02
1.188402124147108e-02
1.187894833202378e-02
1.188399197261483e-02
1.187879025330168e-02
1.188394538295290e-02
1.187887151950068e-02
1.188417128978071e-02
1.187894807037812e-02
1.188413434871412e-02
1.187894807037812e-02
1.188417128978071e-02
1.187887151950068e-02
1.188394538295290e-02
1.187879025330168e-02
1.188399197261483e-02
1.187894833202378e-02
1.188402124147108e-02
1.187891802546499e-02
1.188422306399540e-02
1.187928235342852e-02
1.188456915022887e-02
1.187951839221678e-02
1.188488927905053e-02
1.187990425779800e-02
1.188508282286772e-02
1.188005387342158e-02
1.188539138885398e-02
1.188051983069417e-02
1.188574858090153e-02
1.188093670961204e-02
1.188636312873785e-02
1.188140764959335e-02
1.188691996709082e-02
1.188193241182377e-02
1.188734066366452e-02
1.188226706939933e-02
1.188766493594351e-02
1.188273132928029e-02
1.188830327838726e-02
1.188342202922017e-02
1.188897761566090e-02
1.188407426781948e-02
1.188953745642930e-02
1.188464562962290e-02
1.189017018719326e-02
1.188544657644822e-02
1.189101793867641e-02
1.188618454619110e-02
1.188618454619110e-02
1.187823948142998e-02
1.187450965398736e-02
1.187734768089664e-02
1.187374056426662e-02
1.187679294182402e-02
1.187316121992209e-02
1.187605036597405e-02
1.187245062566499e-02
1.187542310846004e-02
1.187186520270975e-02
1.187483500223394e-02
1.187141408826748e-02
1.187447453327224e-02
1.187096942352440e-02
1.187391817575904e-02
1.187043529576603e-02
1.187352333756423e-02
1.187007521245226e-02
1.187311913187985e-02
1.186973022958489e-02
1.187294157666778e-02
1.186945262106186e-02
1.187230817362923e-02
1.186897778291050e-02
1.187218081528006e-02
1.186895189469424e-02
1.187195366199377e-02
1.186859476027587e-02
1.187152908779976e-02
1.186817553244213e-02
1.187126948541491e-02
1.186799589951083e-02
1.187124477083758e-02
1.186791583011333e-02
1.187108205294953e-02
1.186772361735911e-02
1.187103523753935e-02
1.186795878986330e-02
1.187122698334249e-02
1.186801239116906e-02
1.187122698334249e-02
1.186795878986330e-02
1.187103523753935e-02
1.186772361735911e-02
1.187108205294953e-02
1.186804607896943e-02
1.187139490812530e-02
1.186816470383470e-02
1.187126948541491e-02
1.186817553244213e-02
1.187152908779976e-02
1.186859476027587e-02
1.187195366199376e-02
1.186895189469424e-02
1.187218081528006e-02
1.186897778291050e-02
1.187230817362923e-02
1.186945262106186e-02
1.187294157666778e-02
1.186973022958489e-02
1.187311913187985e-02
1.187007521245226e-02
1.187352333756423e-02
1.187043529576603e-02
1.187391817575904e-02
1.187096942352440e-02
1.187447453327224e-02
1.187141408826748e-02
1.187483500223394e-02
1.187186520270975e-02
1.187542310846004e-02
1.187245062566499e-02
1.187605036597405e-02
1.187316121992209e-02
1.187679294182402e-02
1.187374056426662e-02
1.187734768089664e-02
1.187450965398736e-02
1.187823948142998e-02
1.187516358254711e-02
1.187516358254711e-02
1.187258411826493e-02
1.187263321959116e-02
1.187258269776019e-02
1.187264266772965e-02
1.187276333719780e-02
1.187271812884655e-02
1.187253557546548e-02
1.187249131669702e-02
1.187263561282379e-02
1.187274670886306e-02
1.187272259239576e-02
1.187270003610693e-02
1.187269731614653e-02
1.187271216399629e-02
1.187271780215606e-02
1.187278248372893e-02
1.187283980274196e-02
1.187276069060828e-02
1.187264073698934e-02
1.187272566108877e-02
1.187293107438432e-02
1.187298610488954e-02
1.187281204063409e-02
1.187278729607139e-02
1.187295800036141e-02
1.187308553323457e-02
1.187304786874203e-02
1.187298608286397e-02
1.187295468553799e-02
1.187285937545708e-02
1.187278439251395e-02
1.187265136341396e-02
1.187260784480714e-02
1.187261590540367e-02
1.187263986705532e-02
1.187266266526268e-02
1.187269696743379e-02
1.187285292584765e-02
1.187295521047662e-02
1.187305961224272e-02
1.187305961224272e-02
1.187295521047662e-02
1.187285292584765e-02
1.187269696743379e-02
1.187266266526268e-02
1.187276333719780e-02
1.187288976988773e-02
1.187293320349377e-02
1.187282632728487e-02
1.187278439251395e-02
1.187285937545708e-02
1.187295468553799e-02
1.187298608286397e-02
1.187304786874203e-02
1.187308553323457e-02
1.187295800036141e-02
1.187278729607139e-02
1.187281204063409e-02
1.187298610488954e-02
1.187293107438432e-02
1.187272566108877e-02
1.187264073698934e-02
1.187276069060828e-02
1.187283980274196e-02
1.187278248372893e-02
1.187271780215606e-02
1.187271216399629e-02
1.187269731614653e-02
1.187270003610693e-02
1.187272259239576e-02
1.187274670886306e-02
1.187263561282379e-02
1.187249131669702e-02
1.187253557546548e-02
1.187271812884655e-02
1.187276333719780e-02
1.187264266772965e-02
1.187258269776019e-02
1.187263321959116e-02
1.187258411826493e-02
1.187247694316465e-02
1.187247694316465e-02
1.187516358254711e-02
1.187823948142998e-02
1.187450965398736e-02
1.187734768089664e-02
1.187374056426662e-02
1.187679294182402e-02
1.187316121992209e-02
1.187605036597405e-02
1.187245062566499e-02
1.187542310846004e-02
1.187186520270975e-02
1.187483500223394e-02
1.187141408826748e-02
1.187447453327224e-02
1.187096942352440e-02
1.187391817575904e-02
1.187043529576603e-02
1.187352333756423e-02
1.187007521245226e-02
1.187311913187985e-02
1.186973022958489e-02
1.187294157666778e-02
1.186945262106186e-02
1.187230817362923e-02
1.186897778291050e-02
1.187218081528006e-02
1.186895189469424e-02
1.187195366199377e-02
1.186859476027587e-02
1.187152908779976e-02
1.186817553244213e-02
1.187126948541491e-02
1.186799589951083e-02
1.187124477083758e-02
1.186791583011333e-02
1.187108205294953e-02
1.186772361735911e-02
1.187103523753935e-02
1.186795878986330e-02
1.187122698334249e-02
1.186801239116906e-02
1.187122698334249e-02
1.186795878986330e-02
1.187103523753935e-02
1.186772361735911e-02
1.187108205294953e-02
1.186804607896943e-02
1.187139490812530e-02
1.186816470383470e-02
1.187126948541491e-02
1.186817553244213e-02
1.187152908779976e-02
1.186859476027587e-02
1.187195366199376e-02
1.186895189469424e-02
1.187218081528006e-02
1.186897778291050e-02
1.187230817362923e-02
1.186945262106186e-02
1.187294157666778e-02
1.186973022958489e-02
1.187311913187985e-02
1.187007521245226e-02
1.187352333756423e-02
1.187043529576603e-02
1.187391817575904e-02
1.187096942352440e-02
1.187447453327224e-02
1.187141408826748e-02
1.187483500223394e-02
1.187186520270975e-02
1.187542310846004e-02
1.187245062566499e-02
1.187605036597405e-02
1.187316121992209e-02
1.187679294182402e-02
1.187374056426662e-02
1.187734768089664e-02
1.187450965398736e-02
1.187823948142998e-02
1.187516358254711e-02
1.188618454619110e-02
1.189101793867641e-02
1.188544657644822e-02
1.189017018719326e-02
1.188464562962290e-02
1.188953745642930e-02
1.188407426781948e-02
1.188897761566090e-02
1.188342202922017e-02
1.188830327838726e-02
1.188273132928029e-02
1.188766493594351e-02
1.188226706939933e-02
1.188734066366452e-02
1.188193241182377e-02
1.188691996709083e-02
1.188140764959335e-02
1.188636312873785e-02
1.188093670961204e-02
1.188574858090153e-02
1.188051983069417e-02
1.188539138885398e-02
1.188005387342158e-02
1.188508282286771e-02
1.187990425779800e-02
1.188488927905053e-02
1.187951839221678e-02
1.188456915022887e-02
1.187928235342852e-02
1.188422306399540e-02
1.187891802546499e-02
1.188402124147108e-02
1.187894833202378e-02
1.188399197261483e-02
1.187879025330168e-02
1.188394538295290e-02
1.187887151950068e-02
1.188417128978071e-02
1.187894807037812e-02
1.188413434871412e-02
1.187894807037812e-02
1.188417128978071e-02
1.187887151950068e-02
1.188394538295290e-02
1.187879025330168e-02
1.188399197261483e-02
1.187894833202378e-02
1.188402124147108e-02
1.187891802546499e-02
1.188422306399540e-02
1.187928235342852e-02
1.188456915022887e-02
1.187951839221678e-02
1.188488927905053e-02
1.187990425779800e-02
1.188508282286772e-02
1.188005387342158e-02
1.188539138885398e-02
1.188051983069417e-02
1.188574858090153e-02
1.188093670961204e-02
1.188636312873785e-02
1.188140764959335e-02
1.188691996709082e-02
1.188193241182377e-02
1.188734066366452e-02
1.188226706939933e-02
1.188766493594351e-02
1.188273132928029e-02
1.188830327838726e-02
1.188342202922017e-02
1.188897761566090e-02
1.188407426781948e-02
1.188953745642930e-02
1.188464562962290e-02
1.189017018719326e-02
1.188544657644822e-02
1.189101793867641e-02
1.188618454619110e-02
1.190308702534873e-02
1.191128255569758e-02
1.190117037078377e-02
1.190928921811198e-02
1.189920864171919e-02
1.190768184179416e-02
1.189805410387691e-02
1.190667669232040e-02
1.189709305524867e-02
1.190579391848207e-02
1.189633560182773e-02
1.190534035640453e-02
1.189632910428187e-02
1.190552943982448e-02
1.189663219465332e-02
1.190594451996064e-02
1.189712398223770e-02
1.190651210826192e-02
1.189772220805967e-02
1.190764577460079e-02
1.189924966211973e-02
1.190925234919992e-02
1.190099740544540e-02
1.191125912447913e-02
1.190316580744602e-02
1.190315573178920e-02
1.191128396254537e-02
1.190097758493319e-02
1.190916741960937e-02
1.189909299918746e-02
1.190764512215823e-02
1.189783877234397e-02
1.190647877260079e-02
1.189697050832908e-02
1.190593190533300e-02
1.189668054408647e-02
1.190548689759138e-02
1.189630537533547e-02
1.190548689759138e-02
1.189668054408647e-02
1.190593190533300e-02
1.189697050832908e-02
1.190647877260079e-02
1.189783877234397e-02
1.190764512215823e-02
1.189909299918746e-02
1.190916741960937e-02
1.190097758493319e-02
1.191128396254537e-02
1.190315573178920e-02
1.190316580744602e-02
1.191125912447914e-02
1.190099740544540e-02
1.190925234919992e-02
1.189924966211973e-02
1.190764577460079e-02
1.189772220805967e-02
1.190651210826192e-02
1.189712398223770e-02
1.190594451996064e-02
1.189663219465332e-02
1.190552943982448e-02
1.189632910428187e-02
1.190534035640453e-02
1.189633560182773e-02
1.190579391848208e-02
1.189709305524867e-02
1.190667669232040e-02
1.189805410387691e-02
1.190768184179416e-02
1.189920864171918e-02
1.190928921811198e-02
1.190117037078377e-02
1.191128255569758e-02
1.190308702534873e-02
1.192772771194835e-02
1.193765101558412e-02
1.192490998318062e-02
1.193504680987003e-02
1.192265796994904e-02
1.193337542411782e-02
1.192141219751995e-02
1.193246994985213e-02
1.192093300430819e-02
1.193246994985213e-02
1.192141219751995e-02
1.193337542411782e-02
1.192265796994904e-02
1.193504680987003e-02
1.192490998318062e-02
1.193765101558412e-02
1.192772771194835e-02
1.192772771194835e-02
1.193765101558412e-02
1.192490998318062e-02
1.193504680987003e-02
1.192265796994904e-02
1.193337542411782e-02
1.192141219751995e-02
1.193246994985213e-02
1.192093300430819e-02
1.193246994985213e-02
1.192141219751995e-02
1.193337542411782e-02
1.192265796994904e-02
1.193504680987003e-02
1.192490998318062e-02
1.193765101558412e-02
1.192772771194835e-02
1.192772771194835e-02
1.193765101558412e-02
1.192490998318062e-02
1.193504680987003e-02
1.192265796994904e-02
1.193337542411782e-02
1.192141219751995e-02
1.193246994985213e-02
1.192093300430819e-02
1.193246994985213e-02
1.192141219751995e-02
1.193337542411782e-02
1.192265796994904e-02
1.193504680987003e-02
1.192490998318062e-02
1.193765101558412e-02
1.192772771194835e-02
1.192772771194835e-02
1.193765101558412e-02
1.192490998318062e-02
1.193504680987003e-02
1.192265796994904e-02
1.193337542411782e-02
1.192141219751995e-02
1.193246994985213e-02
1.192093300430819e-02
1.193246994985213e-02
1.192141219751995e-02
1.193337542411782e-02
1.192265796994904e-02
1.193504680987003e-02
1.192490998318062e-02
1.193765101558412e-02
1.192772771194835e-02
1.195646270959369e-02
1.196652335537992e-02
1.195307114660346e-02
1.196350413311641e-02
1.195072799797533e-02
1.196176320090520e-02
1.194962362136925e-02
1.196119111240771e-02
1.194962362136925e-02
1.196176320090520e-02
1.195072799797533e-02
1.196350413311641e-02
1.195307114660346e-02
1.196652335537992e-02
1.195646270959369e-02
1.195646270959369e-02
1.196652335537992e-02
1.195307114660346e-02
1.196350413311641e-02
1.195072799797533e-02
1.196176320090520e-02
1.194962362136925e-02
1.196119111240771e-02
1.194962362136925e-02
1.196176320090520e-02
1.195072799797533e-02
1.196350413311641e-02
1.195307114660346e-02
1.196652335537992e-02
1.195646270959369e-02
1.195646270959369e-02
1.196652335537992e-02
1.195307114660346e-02
1.196350413311641e-02
1.195072799797533e-02
1.196176320090520e-02
1.194962362136925e-02
1.196119111240771e-02
1.194962362136925e-02
1.196176320090520e-02
1.195072799797533e-02
1.196350413311641e-02
1.195307114660346e-02
1.196652335537992e-02
1.195646270959369e-02
1.195646270959369e-02
1.196652335537992e-02
1.195307114660346e-02
1.196350413311641e-02
1.195072799797533e-02
1.196176320090520e-02
1.194962362136925e-02
1.196119111240771e-02
1.194962362136925e-02
1.196176320090520e-02
1.195072799797533e-02
1.196350413311641e-02
1.195307114660346e-02
1.196652335537992e-02
1.195646270959369e-02
1.198520214942728e-02
1.199559994805602e-02
1.198036326628397e-02
1.199212400711310e-02
1.197836694095030e-02
1.199151889549313e-02
1.197894617370422e-02
1.199331460359037e-02
1.198194415753729e-02
1.199749473000374e-02
1.198738355462924e-02
1.198292470851634e-02
1.199399510348841e-02
1.197948798239507e-02
1.199166147405936e-02
1.197829356462484e-02
1.199185832500078e-02
1.197981737703716e-02
1.199473930747498e-02
1.198388552953713e-02
1.198617309105260e-02
1.199650941635214e-02
1.198111103458043e-02
1.199276216926424e-02
1.197883925967233e-02
1.199170410539659e-02
1.197883925967233e-02
1.199276216926424e-02
1.198111103458043e-02
1.199650941635214e-02
1.198617309105260e-02
1.198388552953713e-02
1.199473930747498e-02
1.197981737703716e-02
1.199185832500078e-02
1.197829356462484e-02
1.199166147405936e-02
1.197948798239507e-02
1.199399510348841e-02
1.198292470851634e-02
1.198738355462924e-02
1.199749473000374e-02
1.198194415753729e-02
1.199331460359037e-02
1.197894617370422e-02
1.199151889549313e-02
1.197836694095030e-02
1.199212400711310e-02
1.198036326628397e-02
1.199559994805602e-02
1.198520214942728e-02
1.201292427368008e-02
1.202214149386929e-02
1.200774030302371e-02
1.201901703949623e-02
1.200664282358960e-02
1.201984460216742e-02
1.200942157750060e-02
1.202446486963575e-02
1.201590950280459e-02
1.201028789938362e-02
1.202035698328831e-02
1.200679211068915e-02
1.201880106952433e-02
1.200725684496210e-02
1.202124771383107e-02
1.201161259465820e-02
1.201439312600778e-02
1.202322896886675e-02
1.200856872655691e-02
1.201944769936800e-02
1.200667863362202e-02
1.201944769936800e-02
1.200856872655691e-02
1.202322896886675e-02
1.201439312600778e-02
1.201161259465820e-02
1.202124771383107e-02
1.200725684496210e-02
1.201880106952433e-02
1.200679211068915e-02
1.202035698328831e-02
1.201028789938362e-02
1.201590950280459e-02
1.202446486963575e-02
1.200942157750060e-02
1.201984460216743e-02
1.200664282358960e-02
1.201901703949623e-02
1.200774030302371e-02
1.202214149386929e-02
1.201292427368008e-02
1.203510103670776e-02
1.204502209746487e-02
1.202964125663879e-02
1.204498526400867e-02
1.203505192314950e-02
1.203499436733223e-02
1.204495589453902e-02
1.202958646589478e-02
1.204495589453902e-02
1.203499436733223e-02
1.203505192314950e-02
1.204498526400867e-02
1.202964125663879e-02
1.204502209746487e-02
1.203510103670776e-02
1.203510103670776e-02
1.204502209746487e-02
1.202964125663879e-02
1.204498526400867e-02
1.203505192314950e-02
1.203499436733223e-02
1.204495589453902e-02
1.202958646589478e-02
1.204495589453902e-02
1.203499436733223e-02
1.203505192314950e-02
1.204498526400867e-02
1.202964125663879e-02
1.204502209746487e-02
1.203510103670776e-02
1.205123035700613e-02
1.206348360807879e-02
1.205116761386392e-02
1.205117958295405e-02
1.206347094916624e-02
1.205117958295405e-02
1.205116761386392e-02
1.206348360807879e-02
1.205123035700613e-02
1.205123035700613e-02
1.206348360807879e-02
1.205116761386392e-02
1.205117958295405e-02
1.206347094916624e-02
1.205117958295405e-02
1.205116761386392e-02
1.206348360807879e-02
1.205123035700613e-02
1.205285381680424e-02
1.205284317217920e-02
1.205285381680424e-02
1.205285381680424e-02
1.205284317217920e-02
1.205285381680424e-02
