-4.093047466404538e+01
-1.533766209830157e+01
-5.169143671400332e+01
-6.744663098454102e+01
-4.515673372975783e+01
-3.271593249026360e+01
-5.543372212175466e+01
-4.194428025697265e+01
-4.283841258643311e+01
-6.229183257008995e+01
-3.251571418129251e+01
-4.111117713771807e+01
-3.828073137220527e+01
-1.636695676231105e+01
-5.619323291433462e+01
-7.413042282920424e+01
-5.747300851429014e+01
-5.577219774574041e+01
-7.862387248445755e+01
-8.352524032609909e+01
-8.042132714917044e+01
-8.877105341264604e+01
-8.475437114385142e+01
-9.245462071071937e+01
-9.694363800229689e+01
-9.550475281122698e+01
-9.855906885886564e+01
-1.045127067185054e+02
-1.160491826943811e+02
-1.066478560233610e+02
-1.091224308036212e+02
-1.087809547046497e+02
-1.197835113590844e+02
-1.122660337738786e+02
-1.195957014822587e+02
-1.195928610717840e+02
