8.106402447579893e+01
8.451007500371149e+01
8.181593748159565e+01
9.240866613161656e+01
7.271558263336681e+01
7.225902169750258e+01
6.784471921398024e+01
6.762470650333351e+01
5.559215709677478e+01
4.687475871274410e+01
5.023309444440761e+01
5.430173119837744e+01
6.898945526196376e+01
8.228528976600988e+01
6.687872127067263e+01
5.983551970067526e+01
8.099777875738008e+01
9.148504743030387e+01
7.914967143168474e+01
7.637993039792775e+01
6.672551461297273e+01
9.580854870940698e+01
8.611602988657727e+01
9.269350313272979e+01
1.300095396666806e+02
1.474856629360243e+02
1.529723616674021e+02
