phe = [-9.7369	-15.1036	-11.3244
-28.7774	-22.9334	-28.8798
-20.8181	-13.7193	-21.8797
-6.1555	-8.1754	-7.0992
-1.8173	-0.8895	-2.1641
0.1732	-0.8478	0.0184
0.1357	-0.8758	-0.0317
0.145	-0.8535	0.0281
-7.7442	-5.4581	-8.7077
0.1407	-0.7942	0.116
0.1441	-0.9173	0.0653
0.1389	-0.9121	0.0643
-10.0953	-16.5021	-11.956
-28.5177	-22.5081	-28.5606
-20.6508	-12.8212	-20.4118
-4.3728	-7.235	-5.2036
0.3313	-0.2462	0.4533
0.1772	-0.5256	0.1792
-3.517	-1.7004	-4.0239
0.1428	-0.5754	0.1641
0.158	-0.5629	0.1945
0	0	0
-1.8335	-0.8551	-2.193
-0.0503	-1.427	-0.1464
-1.9038	-0.9489	-2.2546
-0.0781	-1.6616	-0.2623
-1.8691	-0.9637	-2.2558
-0.069	-1.6743	-0.2646
-1.8695	-0.8697	-2.2112
-0.054	-1.5085	-0.1853
-1.9193	-0.9548	-2.254
-0.0547	-1.6654	-0.2617];
plot(phe(:,1),phe(:,2),'bs','linewidth',2,'markersize',8);
set(gca,'fontsize',16)
xlabel('Explicit solvent MD (kcal/mol)')
ylabel('Continuum (kcal/mol)')
hold on
plot(phe(:,1),phe(:,3),'ro','linewidth',3,'markersize',10);
plot([5 -30],[5 -30],'k','linewidth',2)
legend('Standard Poisson','NLBC','location','southeast')
title('Phe atom-by-atom charging free energies')
export_fig after-fitting-to-AA-phe-charging.pdf -painters -transparent
close
arg=[-9.9046	-14.6287	-11.4209
-28.8182	-21.1799	-28.7939
-21.3298	-13.2418	-22.0116
-5.8982	-7.6583	-7.0178
-1.7992	-0.8511	-2.1658
0.1328	-0.7916	0.0207
0.1351	-0.8145	-0.0363
0.1516	-0.783	0.0298
-7.8351	-5.1344	-8.6754
0.1449	-0.6967	0.1436
0.132	-0.8164	0.0729
0.1443	-0.8217	0.0646
-10.2	-15.6996	-11.8615
-28.345	-20.742	-28.4321
-20.6058	-11.8979	-20.0667
-3.7214	-5.6855	-4.4498
0.3204	-0.2365	0.4526
0.1411	-0.5023	0.1763
-3.5703	-1.5639	-3.9791
0.1327	-0.4578	0.2525
0.1703	-0.5247	0.1507
-3.5039	-1.6697	-4.051
0.1965	-0.616	0.1064
0.1481	-0.5045	0.2574
-0.5816	-2.2126	-0.6204
0.1349	-0.6422	0.0847
0.1523	-0.6296	0.109
-44.7231	-26.6844	-44.7684
-15.6733	-16.733	-13.7338
-17.6847	-21.1823	-20.841
-64.8322	-38.9388	-52.5555
-14.0578	-15.3317	-15.1193
-17.76	-19.3984	-16.1945
-68.6167	-41.5432	-67.0548
-17.8111	-19.3821	-16.5584
-17.888	-19.4707	-16.3816];
plot(arg(:,1),arg(:,2),'bs','linewidth',2,'markersize',8);
set(gca,'fontsize',16)
xlabel('Explicit solvent MD (kcal/mol)')
ylabel('Continuum (kcal/mol)')
hold on
plot(arg(:,1),arg(:,3),'ro','linewidth',2,'markersize',10);
plot([5 -70],[5 -70],'k','linewidth',2)
legend('Standard Poisson','NLBC','location','southeast')
export_fig after-fitting-to-AA-arg-charging.pdf -painters -transparent
close
asp=[-9.6564	-14.5986	-11.1519
-28.9641	-21.2391	-28.8457
-20.0606	-13.0401	-20.9716
-3.7408	-6.9762	-5.191
-1.8351	-0.8485	-2.1549
0.1436	-0.7898	0.0233
0.1149	-0.8139	-0.0196
0.1404	-0.7849	0.0227
-7.7091	-5.1747	-8.7636
0.153	-0.7393	0.0861
0.1412	-0.8174	0.0693
0.1283	-0.8215	0.0605
-10.782	-15.886	-12.1853
-30.0406	-20.7099	-28.5312
-21.3502	-12.6863	-21.4883
-6.1702	-6.8033	-4.6951
0.3352	-0.2433	0.4477
0.1798	-0.5059	0.1982
-4.5147	-2.3603	-5.2715
0.1427	-0.5605	0.1395
0.1435	-0.5642	0.107
-26.4486	-36.7714	-31.0466
-35.3674	-26.9889	-34.1542
-3.9536	-2.8137	-4.6281]

asp =

   -9.6564  -14.5986  -11.1519
  -28.9641  -21.2391  -28.8457
  -20.0606  -13.0401  -20.9716
   -3.7408   -6.9762   -5.1910
   -1.8351   -0.8485   -2.1549
    0.1436   -0.7898    0.0233
    0.1149   -0.8139   -0.0196
    0.1404   -0.7849    0.0227
   -7.7091   -5.1747   -8.7636
    0.1530   -0.7393    0.0861
    0.1412   -0.8174    0.0693
    0.1283   -0.8215    0.0605
  -10.7820  -15.8860  -12.1853
  -30.0406  -20.7099  -28.5312
  -21.3502  -12.6863  -21.4883
   -6.1702   -6.8033   -4.6951
    0.3352   -0.2433    0.4477
    0.1798   -0.5059    0.1982
   -4.5147   -2.3603   -5.2715
    0.1427   -0.5605    0.1395
    0.1435   -0.5642    0.1070
  -26.4486  -36.7714  -31.0466
  -35.3674  -26.9889  -34.1542
   -3.9536   -2.8137   -4.6281

plot(asp(:,1),asp(:,2),'bs','linewidth',2,'markersize',8);
set(gca,'fontsize',16)
xlabel('Explicit solvent MD (kcal/mol)')
ylabel('Continuum (kcal/mol)')
hold on
plot(asp(:,1),asp(:,3),'ro','linewidth',2,'markersize',10);
plot([5 -40],[5 -40],'k','linewidth',2)
legend('Standard Poisson','NLBC','location','southeast')
export_fig after-fitting-to-AA-asp-charging.pdf -painters -transparent
quit
