																							Thermodynamics wo florine


Reference \Delta G @ 298 K (kcal/mol)
1.9359   -9.6797   -1.2428    2.1511    2.2706   -1.4818   -0.7648   -5.0669   -4.8757   -5.8795   -6.1185    1.9837 -126.4340 -101.3384  -84.1300  -78.6329  -73.1358  -72.6577  -66.4436  -58.0784

Calculated \Delta G @ 298 K  (kcal/mol)
2.1459  -10.4690   -1.3791    2.2305    2.2277   -0.0620   -0.5323   -5.3841   -5.0138   -6.1603   -6.3619    2.2036 -126.6837 -100.3446  -83.7653  -79.4231  -73.6010  -69.5955  -66.8809  -60.7448

Absolute error in \Delta G  (kcal/mol)
0.2100    0.7892    0.1362    0.0794    0.0429    1.4199    0.2326    0.3172    0.1381    0.2808    0.2433    0.2199    0.2496    0.9938    0.3647    0.7902    0.4652    3.0623    0.4373    2.6664

---------------------------------------------------------------------------------------------------------------------------------------------------------------------------------------------------------
---------------------------------------------------------------------------------------------------------------------------------------------------------------------------------------------------------

Reference \Delta S @ 298 K (cal/mol K)
-13.1533  -21.2539  -14.9980  -20.9331  -21.3341  -22.7777  -17.7249  -17.4843  -19.7300  -27.4295  -25.5046  -17.6447  -39.1969  -31.7878  -22.9446  -20.7935  -19.3595  -12.6673   -8.8432   -3.3461

Calculated \Delta S @ 298 K (cal/mol K)
-12.4716  -16.5280  -15.2763  -20.6611  -20.2056  -20.5511  -23.0146  -14.7512  -17.9063  -28.1072  -26.1268  -18.1404  -42.2306  -30.9378  -23.1605  -21.2698  -18.9522   -2.3472   -6.5913   -9.0986

Absolute error in \Delta S  (cal/mol K)
0.6818    4.7259    0.2783    0.2720    1.1285    2.2266    5.2897    2.7331    1.8237    0.6777    0.6221    0.4957    3.0336    0.8499    0.2159    0.4763    0.4073   10.3201    2.2519    5.7525

---------------------------------------------------------------------------------------------------------------------------------------------------------------------------------------------------------
---------------------------------------------------------------------------------------------------------------------------------------------------------------------------------------------------------

Parameters @ different temperatures:

@ t=5C	  0.7894  -16.2133    0.3580    0.0828    3.0548   -0.0005    1.9875
@ t=15C   0.8704  -15.3169    0.4184    0.1506    3.1084    0.0001    1.9999
@ t=25C   0.9429  -16.0723    0.4673    0.2208    2.9269    0.0010    1.9952
@ t=35C   1.0241  -15.6306    0.5135    0.2909    2.9608    0.0018    1.9993
@ t=45C   0.9513  -15.7108    0.4544    0.2101    3.0786    0.0025    1.9988