3.817216312411088e+00
2.406245285782590e+01
-9.416534505566814e+00
-2.534048554881289e+01
-7.961774819961049e+00
1.374165377493482e+00
-2.106376021366473e+01
-3.322485814427258e+00
4.308050660716602e+00
-3.103194099678425e+00
4.777323623306583e+00
3.815917786800186e+00
9.220476758698000e+00
2.203465006334614e+01
2.419685804422537e+00
6.090030122255324e+00
-2.300617293747986e+00
-5.008012832568143e+00
-9.596648014815290e+00
-9.976155601085162e+00
-1.886233515413012e+01
6.003115145339136e+00
-4.908918689216952e-01
-2.550092178390579e+00
1.507556990656955e+01
2.512944418336730e+01
-7.637353067854418e+00
-2.012202062452678e+01
2.397510251039348e+00
-7.399642973401117e+00
