7.344689037807751e+00
2.508190268449299e+01
-3.964819144112058e+00
-1.796008608960360e+01
-2.747638799778884e+00
5.103632909095147e+00
-1.436182231161184e+01
1.271600600767109e+00
6.745237672054208e+00
-3.559056778277736e-01
5.300753207393805e+00
7.273686885489150e+00
1.235927807393158e+01
2.515730188432149e+01
6.137438282365793e+00
6.675840094871571e+00
2.605275340729393e+00
9.057478676940189e-01
-4.612224278762354e+00
-1.227519626362854e+01
-3.909786971672787e+00
-1.662070845971291e+00
1.634797954385052e+00
-2.941313069123542e+00
5.455264816150534e+00
3.377921896031359e+00
2.742660166422429e+00
1.825506381059415e+00
-2.186584734458383e+01
-5.795104572049691e+00
-1.481665768245421e+01
-5.965232416666578e+00
-1.789454844883270e+01
