8.508809415673417e+01
8.798593427978082e+01
8.491327576950809e+01
9.431714440946560e+01
7.443448463165340e+01
7.258588220545090e+01
6.699996568910311e+01
7.185127736379113e+01
5.733445745286718e+01
4.996074198944947e+01
5.208601172074070e+01
5.460683877496328e+01
7.067914555706922e+01
8.235239093548245e+01
7.085189720553788e+01
6.343979441333887e+01
8.597681829686346e+01
9.066452734375744e+01
9.544035356163046e+01
8.883094920469634e+01
8.808320140417757e+01
1.274074777756613e+02
1.412288527821936e+02
1.516650848036259e+02
