5.666917020053648e+01
6.568081750941462e+01
4.155051314045381e+01
3.248863621609378e+01
2.966796923488285e+01
3.135527752746985e+01
1.319070730116404e+01
3.142276666633459e+01
6.234464514023065e+01
6.237858401672634e+01
5.254808560313237e+01
6.051517035543266e+01
7.140679981965059e+01
7.580964718398637e+01
7.668562118541122e+01
6.496754846964846e+01
7.280602478425980e+01
7.285808474249951e+01
8.299729109557386e+01
7.142645279355347e+01
8.093167590813617e+01
1.173649307210930e+02
1.256901862718649e+02
