1.081250391714438e+01
2.847216726998985e+01
-7.272889172681607e-01
-1.441671121616475e+01
-6.626269627595320e-03
7.679417489730286e+00
-1.189444618142489e+01
3.958095917533384e+00
1.064957456794905e+01
5.047743459081000e+00
8.764483544396935e+00
1.037635664340667e+01
1.623283598763985e+01
2.836035428315587e+01
1.088121408533526e+01
1.137356583732145e+01
6.401995281313122e+00
4.566608006297552e+00
-1.599810333956731e+00
-8.991314698741771e+00
1.137552635935717e-01
-1.323142779975431e+00
4.974289654116611e+00
-3.310692641119938e+00
-5.783107604046352e+00
-5.942590721307321e+00
-9.462110047847963e+00
-5.823339093050468e+00
-8.379887429029912e+00
-6.735054814421106e+00
-1.252220800065435e+00
5.246833826439454e+00
-4.380464913556818e+00
-4.063750692947068e+00
