1_bromo_2_chloroethane,-1.950000,-1.707024,-1.628363,-2.470607
1_bromo_2_methylpropane,-0.030000,-0.406657,-1.036498,-2.345088
1_bromobutane,-0.400000,-0.286992,-1.091382,-2.301281
1_bromoheptane,0.340000,0.188642,-1.085945,-3.318549
1_bromohexane,0.180000,0.164043,-1.067803,-2.868326
1_bromooctane,0.520000,0.238588,-1.080572,-3.766939
1_bromopentane,-0.100000,0.020458,-1.067814,-2.521080
1_bromopropane,-0.560000,-0.479337,-1.090801,-2.003387
1_chloro_222_trifluoroethane,0.060000,-1.528929,-2.398475,-0.905256
1_chlorobutane,-0.160000,0.139931,-1.195194,-1.691244
1_chloroheptane,0.290000,0.461445,-1.196594,-2.855794
1_chlorohexane,0.000000,0.194679,-1.224394,-2.561073
1_chloropentane,-0.070000,0.165944,-1.230624,-2.103475
1_chloropropane,-0.330000,-0.240779,-1.160675,-1.585646
1_ethylnaphthalene,-2.400000,-2.514465,-3.359632,-3.651519
1_iodobutane,-0.250000,-1.489189,-1.998925,-2.724534
1_iodoheptane,0.270000,-0.867627,-1.962517,-3.626845
1_iodohexane,0.080000,-1.000670,-1.956537,-3.270761
1_iodopentane,-0.140000,-1.312839,-1.971157,-3.079633
1_iodopropane,-0.530000,-1.738681,-2.007236,-2.472752
1_methyl_imidazole,-8.410000,-5.412353,-5.599983,-2.177195
1_methyl_pyrrole,-2.890000,-1.561475,-3.100127,-1.099776
1_methylcyclohexene,0.670000,1.002560,-0.526405,-1.977507
1_methylnaphthalene,-2.440000,-2.690953,-3.450012,-3.251093
1_naphthol,-7.670000,-7.150206,-7.299402,-2.997322
1_naphthylamine,-7.280000,-7.934769,-7.289210,-3.605399
1_nitrobutane,-3.090000,-2.501281,-2.355605,-3.091386
